0 0.868 0.74 0.22 0.22
0 0.59 0.448 0.22 0.22
0 0.334 0.862 0.22 0.22
0 0.532 0.814 0.22 0.22
0 0.526 0.256 0.22 0.22
0 0.304 0.322 0.22 0.22
0 0.686 0.472 0.22 0.22
0 0.724 0.614 0.22 0.22
0 0.586 0.424 0.22 0.22
0 0.154 0.788 0.22 0.22
0 0.558 0.692 0.22 0.22
0 0.722 0.376 0.22 0.22
0 0.358 0.866 0.22 0.22
0 0.39 0.638 0.22 0.22
0 0.898 0.31 0.22 0.22
0 0.888 0.628 0.22 0.22
0 0.814 0.316 0.22 0.22
0 0.722 0.65 0.22 0.22
0 0.17 0.77 0.22 0.22
0 0.368 0.824 0.22 0.22
0 0.804 0.498 0.22 0.22
0 0.594 0.51 0.22 0.22
0 0.458 0.418 0.22 0.22
0 0.542 0.834 0.22 0.22
0 0.444 0.524 0.22 0.22