0 0.35 0.9 0.22 0.22
0 0.23 0.678 0.22 0.22
0 0.792 0.314 0.22 0.22
0 0.394 0.748 0.22 0.22
0 0.392 0.26 0.22 0.22
0 0.478 0.308 0.22 0.22
0 0.234 0.14 0.22 0.22
0 0.156 0.166 0.22 0.22
0 0.27 0.446 0.22 0.22
0 0.246 0.566 0.22 0.22
0 0.19 0.72 0.22 0.22
0 0.896 0.564 0.22 0.22
0 0.156 0.746 0.22 0.22
0 0.478 0.382 0.22 0.22
0 0.216 0.282 0.22 0.22
0 0.222 0.832 0.22 0.22
0 0.24 0.252 0.22 0.22
0 0.316 0.814 0.22 0.22
0 0.866 0.722 0.22 0.22
0 0.218 0.87 0.22 0.22
0 0.776 0.33 0.22 0.22
0 0.8 0.496 0.22 0.22
0 0.84 0.636 0.22 0.22
0 0.786 0.778 0.22 0.22
0 0.856 0.29 0.22 0.22