0 0.278 0.61 0.22 0.22
0 0.658 0.79 0.22 0.22
0 0.424 0.156 0.22 0.22
0 0.42 0.796 0.22 0.22
0 0.228 0.234 0.22 0.22
0 0.178 0.612 0.22 0.22
0 0.726 0.116 0.22 0.22
0 0.41 0.27 0.22 0.22
0 0.336 0.66 0.22 0.22
0 0.316 0.3 0.22 0.22
0 0.446 0.286 0.22 0.22
0 0.69 0.292 0.22 0.22
0 0.192 0.818 0.22 0.22
0 0.108 0.614 0.22 0.22
0 0.754 0.72 0.22 0.22
0 0.632 0.394 0.22 0.22
0 0.816 0.81 0.22 0.22
0 0.624 0.216 0.22 0.22
0 0.674 0.568 0.22 0.22
0 0.506 0.832 0.22 0.22
0 0.484 0.36 0.22 0.22
0 0.346 0.654 0.22 0.22
0 0.788 0.82 0.22 0.22
0 0.784 0.354 0.22 0.22
0 0.434 0.382 0.22 0.22