0 0.578 0.228 0.22 0.22
0 0.72 0.834 0.22 0.22
0 0.268 0.64 0.22 0.22
0 0.888 0.672 0.22 0.22
0 0.866 0.224 0.22 0.22
0 0.396 0.526 0.22 0.22
0 0.156 0.858 0.22 0.22
0 0.778 0.264 0.22 0.22
0 0.58 0.826 0.22 0.22
0 0.824 0.874 0.22 0.22
0 0.198 0.266 0.22 0.22
0 0.594 0.582 0.22 0.22
0 0.164 0.75 0.22 0.22
0 0.592 0.396 0.22 0.22
0 0.64 0.836 0.22 0.22
0 0.478 0.22 0.22 0.22
0 0.542 0.174 0.22 0.22
0 0.542 0.428 0.22 0.22
0 0.218 0.796 0.22 0.22
0 0.41 0.478 0.22 0.22
0 0.59 0.776 0.22 0.22
0 0.574 0.43 0.22 0.22
0 0.144 0.752 0.22 0.22