0 0.154 0.5 0.22 0.22
0 0.788 0.32 0.22 0.22
0 0.874 0.844 0.22 0.22
0 0.584 0.538 0.22 0.22
0 0.654 0.736 0.22 0.22
0 0.304 0.862 0.22 0.22
0 0.442 0.352 0.22 0.22
0 0.62 0.63 0.22 0.22
0 0.16 0.39 0.22 0.22
0 0.47 0.874 0.22 0.22
0 0.2 0.604 0.22 0.22
0 0.808 0.666 0.22 0.22
0 0.264 0.368 0.22 0.22
0 0.376 0.77 0.22 0.22
0 0.696 0.136 0.22 0.22
0 0.4 0.154 0.22 0.22
0 0.214 0.538 0.22 0.22
0 0.604 0.298 0.22 0.22
0 0.484 0.782 0.22 0.22
0 0.25 0.38 0.22 0.22
0 0.256 0.792 0.22 0.22
0 0.308 0.532 0.22 0.22
0 0.562 0.722 0.22 0.22
0 0.82 0.854 0.22 0.22
0 0.652 0.816 0.22 0.22
0 0.292 0.11 0.22 0.22
0 0.682 0.36 0.22 0.22
0 0.268 0.374 0.22 0.22