0 0.762 0.176 0.22 0.22
0 0.528 0.192 0.22 0.22
0 0.85 0.222 0.22 0.22
0 0.694 0.624 0.22 0.22
0 0.702 0.328 0.22 0.22
0 0.588 0.264 0.22 0.22
0 0.548 0.716 0.22 0.22
0 0.726 0.326 0.22 0.22
0 0.448 0.292 0.22 0.22
0 0.352 0.182 0.22 0.22
0 0.616 0.44 0.22 0.22
0 0.638 0.464 0.22 0.22
0 0.182 0.584 0.22 0.22
0 0.204 0.822 0.22 0.22
0 0.22 0.238 0.22 0.22
0 0.302 0.214 0.22 0.22
0 0.354 0.322 0.22 0.22
0 0.764 0.24 0.22 0.22
0 0.302 0.824 0.22 0.22
0 0.9 0.378 0.22 0.22
0 0.27 0.866 0.22 0.22
0 0.14 0.106 0.22 0.22
0 0.264 0.52 0.22 0.22
0 0.278 0.768 0.22 0.22