0 0.88 0.442 0.22 0.22
0 0.43 0.286 0.22 0.22
0 0.61 0.266 0.22 0.22
0 0.384 0.386 0.22 0.22
0 0.488 0.48 0.22 0.22
0 0.324 0.326 0.22 0.22
0 0.366 0.422 0.22 0.22
0 0.734 0.2 0.22 0.22
0 0.646 0.26 0.22 0.22
0 0.188 0.49 0.22 0.22
0 0.538 0.16 0.22 0.22
0 0.886 0.128 0.22 0.22
0 0.898 0.574 0.22 0.22
0 0.112 0.728 0.22 0.22
0 0.114 0.402 0.22 0.22
0 0.51 0.742 0.22 0.22
0 0.78 0.3 0.22 0.22
0 0.572 0.49 0.22 0.22
0 0.776 0.83 0.22 0.22
0 0.878 0.554 0.22 0.22
0 0.796 0.274 0.22 0.22
0 0.822 0.454 0.22 0.22
0 0.184 0.362 0.22 0.22