0 0.26 0.476 0.22 0.22
0 0.528 0.664 0.22 0.22
0 0.216 0.812 0.22 0.22
0 0.412 0.116 0.22 0.22
0 0.742 0.75 0.22 0.22
0 0.428 0.754 0.22 0.22
0 0.196 0.546 0.22 0.22
0 0.522 0.312 0.22 0.22
0 0.15 0.348 0.22 0.22
0 0.264 0.356 0.22 0.22
0 0.402 0.552 0.22 0.22
0 0.8 0.646 0.22 0.22
0 0.294 0.264 0.22 0.22
0 0.376 0.442 0.22 0.22
0 0.816 0.88 0.22 0.22
0 0.28 0.484 0.22 0.22
0 0.506 0.742 0.22 0.22
0 0.798 0.41 0.22 0.22
0 0.684 0.832 0.22 0.22
0 0.75 0.538 0.22 0.22
0 0.18 0.444 0.22 0.22
0 0.382 0.17 0.22 0.22
0 0.354 0.522 0.22 0.22