0 0.872 0.532 0.22 0.22
0 0.508 0.646 0.22 0.22
0 0.574 0.75 0.22 0.22
0 0.848 0.894 0.22 0.22
0 0.832 0.458 0.22 0.22
0 0.796 0.632 0.22 0.22
0 0.164 0.832 0.22 0.22
0 0.23 0.502 0.22 0.22
0 0.83 0.274 0.22 0.22
0 0.412 0.152 0.22 0.22
0 0.356 0.506 0.22 0.22
0 0.704 0.522 0.22 0.22
0 0.492 0.274 0.22 0.22
0 0.77 0.566 0.22 0.22
0 0.14 0.804 0.22 0.22
0 0.58 0.708 0.22 0.22
0 0.126 0.682 0.22 0.22
0 0.8 0.418 0.22 0.22
0 0.712 0.52 0.22 0.22
0 0.61 0.49 0.22 0.22
0 0.416 0.114 0.22 0.22
0 0.87 0.548 0.22 0.22
0 0.138 0.628 0.22 0.22