0 0.662 0.56 0.22 0.22
0 0.35 0.388 0.22 0.22
0 0.198 0.578 0.22 0.22
0 0.51 0.806 0.22 0.22
0 0.11 0.422 0.22 0.22
0 0.838 0.588 0.22 0.22
0 0.23 0.652 0.22 0.22
0 0.796 0.368 0.22 0.22
0 0.78 0.832 0.22 0.22
0 0.438 0.724 0.22 0.22
0 0.652 0.662 0.22 0.22
0 0.63 0.396 0.22 0.22
0 0.612 0.656 0.22 0.22
0 0.506 0.846 0.22 0.22
0 0.474 0.72 0.22 0.22
0 0.312 0.554 0.22 0.22
0 0.108 0.832 0.22 0.22
0 0.246 0.228 0.22 0.22
0 0.236 0.548 0.22 0.22
0 0.206 0.848 0.22 0.22
0 0.488 0.754 0.22 0.22
0 0.692 0.588 0.22 0.22