0 0.146 0.612 0.22 0.22
0 0.222 0.366 0.22 0.22
0 0.582 0.358 0.22 0.22
0 0.462 0.452 0.22 0.22
0 0.206 0.842 0.22 0.22
0 0.672 0.878 0.22 0.22
0 0.468 0.648 0.22 0.22
0 0.678 0.326 0.22 0.22
0 0.652 0.59 0.22 0.22
0 0.49 0.158 0.22 0.22
0 0.476 0.69 0.22 0.22
0 0.728 0.268 0.22 0.22
0 0.542 0.274 0.22 0.22
0 0.524 0.38 0.22 0.22
0 0.356 0.284 0.22 0.22
0 0.786 0.602 0.22 0.22
0 0.152 0.796 0.22 0.22
0 0.296 0.842 0.22 0.22
0 0.886 0.758 0.22 0.22
0 0.47 0.222 0.22 0.22
0 0.488 0.344 0.22 0.22
0 0.872 0.882 0.22 0.22
0 0.612 0.288 0.22 0.22
0 0.224 0.69 0.22 0.22