0 0.24 0.754 0.22 0.22
0 0.53 0.108 0.22 0.22
0 0.578 0.27 0.22 0.22
0 0.68 0.716 0.22 0.22
0 0.266 0.756 0.22 0.22
0 0.778 0.456 0.22 0.22
0 0.248 0.666 0.22 0.22
0 0.746 0.712 0.22 0.22
0 0.768 0.832 0.22 0.22
0 0.378 0.31 0.22 0.22
0 0.222 0.766 0.22 0.22
0 0.338 0.36 0.22 0.22
0 0.51 0.644 0.22 0.22
0 0.54 0.76 0.22 0.22
0 0.368 0.838 0.22 0.22
0 0.6 0.852 0.22 0.22
0 0.574 0.574 0.22 0.22
0 0.306 0.368 0.22 0.22
0 0.548 0.898 0.22 0.22
0 0.792 0.368 0.22 0.22
0 0.662 0.402 0.22 0.22
0 0.62 0.858 0.22 0.22
0 0.178 0.258 0.22 0.22
0 0.128 0.35 0.22 0.22
0 0.71 0.398 0.22 0.22
0 0.538 0.72 0.22 0.22
0 0.326 0.392 0.22 0.22
0 0.164 0.896 0.22 0.22
0 0.406 0.41 0.22 0.22