0 0.19 0.734 0.22 0.22
0 0.408 0.238 0.22 0.22
0 0.414 0.702 0.22 0.22
0 0.218 0.484 0.22 0.22
0 0.37 0.678 0.22 0.22
0 0.692 0.876 0.22 0.22
0 0.23 0.222 0.22 0.22
0 0.48 0.836 0.22 0.22
0 0.802 0.71 0.22 0.22
0 0.528 0.32 0.22 0.22
0 0.56 0.476 0.22 0.22
0 0.298 0.67 0.22 0.22
0 0.152 0.54 0.22 0.22
0 0.694 0.6 0.22 0.22
0 0.664 0.596 0.22 0.22
0 0.624 0.798 0.22 0.22
0 0.174 0.412 0.22 0.22
0 0.294 0.9 0.22 0.22
0 0.192 0.594 0.22 0.22
0 0.662 0.54 0.22 0.22
0 0.466 0.234 0.22 0.22
0 0.736 0.668 0.22 0.22