0 0.166 0.512 0.22 0.22
0 0.184 0.39 0.22 0.22
0 0.69 0.606 0.22 0.22
0 0.708 0.652 0.22 0.22
0 0.76 0.468 0.22 0.22
0 0.39 0.222 0.22 0.22
0 0.87 0.5 0.22 0.22
0 0.318 0.62 0.22 0.22
0 0.124 0.642 0.22 0.22
0 0.266 0.192 0.22 0.22
0 0.126 0.364 0.22 0.22
0 0.22 0.216 0.22 0.22
0 0.498 0.262 0.22 0.22
0 0.704 0.172 0.22 0.22
0 0.314 0.57 0.22 0.22
0 0.108 0.826 0.22 0.22
0 0.734 0.13 0.22 0.22
0 0.62 0.49 0.22 0.22
0 0.792 0.444 0.22 0.22
0 0.156 0.752 0.22 0.22
0 0.478 0.602 0.22 0.22
0 0.32 0.134 0.22 0.22
0 0.512 0.548 0.22 0.22
0 0.776 0.64 0.22 0.22