0 0.326 0.556 0.22 0.22
0 0.704 0.466 0.22 0.22
0 0.436 0.57 0.22 0.22
0 0.53 0.366 0.22 0.22
0 0.684 0.304 0.22 0.22
0 0.876 0.212 0.22 0.22
0 0.832 0.282 0.22 0.22
0 0.626 0.564 0.22 0.22
0 0.23 0.534 0.22 0.22
0 0.756 0.202 0.22 0.22
0 0.806 0.84 0.22 0.22
0 0.626 0.692 0.22 0.22
0 0.332 0.396 0.22 0.22
0 0.74 0.394 0.22 0.22
0 0.184 0.436 0.22 0.22
0 0.5 0.832 0.22 0.22
0 0.302 0.86 0.22 0.22
0 0.218 0.62 0.22 0.22
0 0.722 0.486 0.22 0.22
0 0.638 0.522 0.22 0.22
0 0.422 0.304 0.22 0.22
0 0.582 0.336 0.22 0.22
0 0.47 0.478 0.22 0.22
0 0.642 0.702 0.22 0.22
0 0.15 0.188 0.22 0.22
0 0.366 0.274 0.22 0.22
0 0.686 0.616 0.22 0.22
0 0.798 0.546 0.22 0.22