0 0.338 0.414 0.22 0.22
0 0.144 0.344 0.22 0.22
0 0.13 0.324 0.22 0.22
0 0.22 0.178 0.22 0.22
0 0.102 0.208 0.22 0.22
0 0.756 0.316 0.22 0.22
0 0.152 0.384 0.22 0.22
0 0.45 0.34 0.22 0.22
0 0.846 0.648 0.22 0.22
0 0.156 0.74 0.22 0.22
0 0.254 0.578 0.22 0.22
0 0.682 0.488 0.22 0.22
0 0.318 0.398 0.22 0.22
0 0.386 0.894 0.22 0.22
0 0.364 0.65 0.22 0.22
0 0.436 0.558 0.22 0.22
0 0.762 0.712 0.22 0.22
0 0.75 0.424 0.22 0.22
0 0.114 0.234 0.22 0.22
0 0.578 0.616 0.22 0.22
0 0.89 0.674 0.22 0.22
0 0.624 0.536 0.22 0.22
0 0.882 0.468 0.22 0.22
0 0.43 0.252 0.22 0.22
0 0.296 0.726 0.22 0.22
0 0.808 0.236 0.22 0.22
0 0.428 0.806 0.22 0.22
0 0.194 0.118 0.22 0.22