0 0.118 0.548 0.22 0.22
0 0.62 0.388 0.22 0.22
0 0.68 0.152 0.22 0.22
0 0.57 0.126 0.22 0.22
0 0.278 0.604 0.22 0.22
0 0.782 0.788 0.22 0.22
0 0.774 0.28 0.22 0.22
0 0.788 0.114 0.22 0.22
0 0.176 0.764 0.22 0.22
0 0.656 0.776 0.22 0.22
0 0.864 0.124 0.22 0.22
0 0.506 0.326 0.22 0.22
0 0.624 0.284 0.22 0.22
0 0.14 0.324 0.22 0.22
0 0.832 0.284 0.22 0.22
0 0.418 0.43 0.22 0.22
0 0.354 0.73 0.22 0.22
0 0.744 0.434 0.22 0.22
0 0.222 0.536 0.22 0.22
0 0.48 0.764 0.22 0.22
0 0.698 0.114 0.22 0.22
0 0.262 0.674 0.22 0.22
0 0.2 0.318 0.22 0.22
0 0.142 0.678 0.22 0.22
0 0.116 0.848 0.22 0.22
0 0.18 0.26 0.22 0.22