0 0.5 0.768 0.22 0.22
0 0.35 0.566 0.22 0.22
0 0.876 0.166 0.22 0.22
0 0.368 0.756 0.22 0.22
0 0.794 0.324 0.22 0.22
0 0.538 0.872 0.22 0.22
0 0.244 0.244 0.22 0.22
0 0.358 0.508 0.22 0.22
0 0.458 0.142 0.22 0.22
0 0.564 0.492 0.22 0.22
0 0.586 0.524 0.22 0.22
0 0.666 0.778 0.22 0.22
0 0.418 0.858 0.22 0.22
0 0.872 0.306 0.22 0.22
0 0.822 0.11 0.22 0.22
0 0.49 0.406 0.22 0.22
0 0.408 0.47 0.22 0.22
0 0.646 0.728 0.22 0.22
0 0.67 0.152 0.22 0.22
0 0.24 0.12 0.22 0.22
0 0.338 0.156 0.22 0.22
0 0.178 0.308 0.22 0.22