0 0.85 0.75 0.22 0.22
0 0.202 0.776 0.22 0.22
0 0.25 0.614 0.22 0.22
0 0.144 0.578 0.22 0.22
0 0.312 0.196 0.22 0.22
0 0.258 0.44 0.22 0.22
0 0.612 0.258 0.22 0.22
0 0.232 0.24 0.22 0.22
0 0.474 0.506 0.22 0.22
0 0.154 0.466 0.22 0.22
0 0.638 0.89 0.22 0.22
0 0.476 0.868 0.22 0.22
0 0.826 0.658 0.22 0.22
0 0.286 0.71 0.22 0.22
0 0.772 0.114 0.22 0.22
0 0.334 0.726 0.22 0.22
0 0.126 0.378 0.22 0.22
0 0.376 0.662 0.22 0.22
0 0.318 0.212 0.22 0.22
0 0.392 0.148 0.22 0.22
0 0.364 0.59 0.22 0.22
0 0.612 0.41 0.22 0.22