0 0.406 0.408 0.22 0.22
0 0.63 0.456 0.22 0.22
0 0.134 0.67 0.22 0.22
0 0.566 0.87 0.22 0.22
0 0.222 0.268 0.22 0.22
0 0.808 0.552 0.22 0.22
0 0.28 0.266 0.22 0.22
0 0.714 0.162 0.22 0.22
0 0.692 0.616 0.22 0.22
0 0.67 0.67 0.22 0.22
0 0.81 0.21 0.22 0.22
0 0.43 0.126 0.22 0.22
0 0.408 0.846 0.22 0.22
0 0.228 0.198 0.22 0.22
0 0.386 0.28 0.22 0.22
0 0.766 0.142 0.22 0.22
0 0.572 0.256 0.22 0.22
0 0.654 0.294 0.22 0.22
0 0.614 0.608 0.22 0.22
0 0.582 0.742 0.22 0.22
0 0.13 0.63 0.22 0.22
0 0.654 0.264 0.22 0.22
0 0.276 0.78 0.22 0.22
0 0.318 0.188 0.22 0.22
0 0.516 0.712 0.22 0.22
0 0.898 0.564 0.22 0.22
0 0.392 0.762 0.22 0.22
0 0.444 0.79 0.22 0.22
0 0.424 0.478 0.22 0.22
0 0.54 0.654 0.22 0.22