0 0.29 0.158 0.22 0.22
0 0.354 0.13 0.22 0.22
0 0.872 0.826 0.22 0.22
0 0.142 0.546 0.22 0.22
0 0.682 0.868 0.22 0.22
0 0.204 0.1 0.22 0.22
0 0.426 0.29 0.22 0.22
0 0.516 0.416 0.22 0.22
0 0.63 0.674 0.22 0.22
0 0.542 0.372 0.22 0.22
0 0.74 0.778 0.22 0.22
0 0.446 0.484 0.22 0.22
0 0.802 0.474 0.22 0.22
0 0.118 0.318 0.22 0.22
0 0.176 0.368 0.22 0.22
0 0.38 0.698 0.22 0.22
0 0.852 0.21 0.22 0.22
0 0.192 0.528 0.22 0.22
0 0.468 0.604 0.22 0.22
0 0.492 0.37 0.22 0.22
0 0.826 0.864 0.22 0.22
0 0.212 0.878 0.22 0.22
0 0.75 0.744 0.22 0.22
0 0.33 0.548 0.22 0.22
0 0.422 0.47 0.22 0.22
0 0.266 0.884 0.22 0.22
0 0.43 0.342 0.22 0.22
0 0.638 0.248 0.22 0.22