0 0.42 0.192 0.22 0.22
0 0.788 0.64 0.22 0.22
0 0.184 0.84 0.22 0.22
0 0.642 0.68 0.22 0.22
0 0.444 0.348 0.22 0.22
0 0.164 0.436 0.22 0.22
0 0.64 0.178 0.22 0.22
0 0.408 0.584 0.22 0.22
0 0.376 0.704 0.22 0.22
0 0.202 0.296 0.22 0.22
0 0.728 0.5 0.22 0.22
0 0.574 0.856 0.22 0.22
0 0.462 0.258 0.22 0.22
0 0.696 0.236 0.22 0.22
0 0.866 0.596 0.22 0.22
0 0.738 0.116 0.22 0.22
0 0.672 0.834 0.22 0.22
0 0.89 0.482 0.22 0.22
0 0.114 0.82 0.22 0.22
0 0.76 0.546 0.22 0.22
0 0.898 0.316 0.22 0.22
0 0.624 0.324 0.22 0.22