0 0.4 0.536 0.22 0.22
0 0.152 0.494 0.22 0.22
0 0.696 0.118 0.22 0.22
0 0.158 0.384 0.22 0.22
0 0.692 0.116 0.22 0.22
0 0.57 0.322 0.22 0.22
0 0.656 0.182 0.22 0.22
0 0.142 0.252 0.22 0.22
0 0.478 0.29 0.22 0.22
0 0.528 0.424 0.22 0.22
0 0.304 0.33 0.22 0.22
0 0.692 0.808 0.22 0.22
0 0.734 0.542 0.22 0.22
0 0.12 0.79 0.22 0.22
0 0.452 0.39 0.22 0.22
0 0.286 0.648 0.22 0.22
0 0.294 0.634 0.22 0.22
0 0.546 0.134 0.22 0.22
0 0.604 0.324 0.22 0.22
0 0.624 0.544 0.22 0.22
0 0.67 0.434 0.22 0.22
0 0.518 0.768 0.22 0.22
0 0.348 0.698 0.22 0.22
0 0.506 0.512 0.22 0.22