0 0.468 0.276 0.22 0.22
0 0.438 0.22 0.22 0.22
0 0.24 0.358 0.22 0.22
0 0.362 0.806 0.22 0.22
0 0.628 0.368 0.22 0.22
0 0.524 0.226 0.22 0.22
0 0.138 0.734 0.22 0.22
0 0.164 0.834 0.22 0.22
0 0.28 0.834 0.22 0.22
0 0.38 0.51 0.22 0.22
0 0.242 0.158 0.22 0.22
0 0.558 0.372 0.22 0.22
0 0.286 0.516 0.22 0.22
0 0.784 0.144 0.22 0.22
0 0.664 0.784 0.22 0.22
0 0.262 0.574 0.22 0.22
0 0.606 0.438 0.22 0.22
0 0.502 0.21 0.22 0.22
0 0.882 0.522 0.22 0.22
0 0.606 0.296 0.22 0.22
0 0.848 0.836 0.22 0.22
0 0.218 0.898 0.22 0.22
0 0.24 0.214 0.22 0.22
0 0.704 0.766 0.22 0.22
0 0.472 0.234 0.22 0.22
0 0.708 0.218 0.22 0.22
0 0.772 0.142 0.22 0.22
0 0.838 0.51 0.22 0.22