0 0.61 0.332 0.22 0.22
0 0.874 0.146 0.22 0.22
0 0.326 0.12 0.22 0.22
0 0.838 0.166 0.22 0.22
0 0.31 0.66 0.22 0.22
0 0.62 0.682 0.22 0.22
0 0.56 0.184 0.22 0.22
0 0.84 0.142 0.22 0.22
0 0.556 0.294 0.22 0.22
0 0.176 0.4 0.22 0.22
0 0.46 0.844 0.22 0.22
0 0.76 0.378 0.22 0.22
0 0.85 0.588 0.22 0.22
0 0.818 0.646 0.22 0.22
0 0.486 0.494 0.22 0.22
0 0.29 0.372 0.22 0.22
0 0.226 0.81 0.22 0.22
0 0.502 0.654 0.22 0.22
0 0.286 0.584 0.22 0.22
0 0.306 0.52 0.22 0.22
0 0.652 0.112 0.22 0.22
0 0.476 0.482 0.22 0.22
0 0.33 0.644 0.22 0.22
0 0.812 0.15 0.22 0.22
0 0.706 0.244 0.22 0.22
0 0.75 0.256 0.22 0.22