0 0.116 0.328 0.22 0.22
0 0.384 0.732 0.22 0.22
0 0.45 0.542 0.22 0.22
0 0.46 0.418 0.22 0.22
0 0.266 0.638 0.22 0.22
0 0.384 0.88 0.22 0.22
0 0.696 0.192 0.22 0.22
0 0.386 0.142 0.22 0.22
0 0.84 0.554 0.22 0.22
0 0.67 0.476 0.22 0.22
0 0.826 0.84 0.22 0.22
0 0.576 0.766 0.22 0.22
0 0.248 0.796 0.22 0.22
0 0.568 0.464 0.22 0.22
0 0.524 0.676 0.22 0.22
0 0.262 0.624 0.22 0.22
0 0.544 0.862 0.22 0.22
0 0.354 0.706 0.22 0.22
0 0.24 0.354 0.22 0.22
0 0.106 0.852 0.22 0.22
0 0.626 0.196 0.22 0.22
0 0.112 0.322 0.22 0.22
0 0.106 0.172 0.22 0.22
0 0.778 0.816 0.22 0.22
0 0.524 0.298 0.22 0.22