0 0.132 0.442 0.22 0.22
0 0.258 0.338 0.22 0.22
0 0.628 0.566 0.22 0.22
0 0.688 0.18 0.22 0.22
0 0.218 0.678 0.22 0.22
0 0.834 0.504 0.22 0.22
0 0.36 0.47 0.22 0.22
0 0.652 0.67 0.22 0.22
0 0.73 0.128 0.22 0.22
0 0.196 0.206 0.22 0.22
0 0.77 0.822 0.22 0.22
0 0.134 0.586 0.22 0.22
0 0.326 0.642 0.22 0.22
0 0.282 0.754 0.22 0.22
0 0.114 0.82 0.22 0.22
0 0.798 0.666 0.22 0.22
0 0.514 0.836 0.22 0.22
0 0.872 0.866 0.22 0.22
0 0.352 0.694 0.22 0.22
0 0.322 0.536 0.22 0.22
0 0.498 0.202 0.22 0.22
0 0.426 0.568 0.22 0.22
0 0.228 0.748 0.22 0.22
0 0.382 0.672 0.22 0.22
0 0.274 0.668 0.22 0.22
0 0.43 0.882 0.22 0.22
0 0.76 0.702 0.22 0.22
0 0.336 0.736 0.22 0.22