0 0.628 0.78 0.22 0.22
0 0.762 0.242 0.22 0.22
0 0.852 0.586 0.22 0.22
0 0.234 0.722 0.22 0.22
0 0.4 0.338 0.22 0.22
0 0.186 0.276 0.22 0.22
0 0.248 0.268 0.22 0.22
0 0.852 0.37 0.22 0.22
0 0.38 0.546 0.22 0.22
0 0.648 0.264 0.22 0.22
0 0.45 0.858 0.22 0.22
0 0.776 0.58 0.22 0.22
0 0.71 0.446 0.22 0.22
0 0.464 0.578 0.22 0.22
0 0.716 0.57 0.22 0.22
0 0.328 0.512 0.22 0.22
0 0.284 0.778 0.22 0.22
0 0.354 0.502 0.22 0.22
0 0.386 0.554 0.22 0.22
0 0.61 0.814 0.22 0.22
0 0.2 0.872 0.22 0.22
0 0.67 0.38 0.22 0.22