0 0.242 0.608 0.22 0.22
0 0.218 0.754 0.22 0.22
0 0.854 0.804 0.22 0.22
0 0.202 0.546 0.22 0.22
0 0.77 0.136 0.22 0.22
0 0.882 0.232 0.22 0.22
0 0.588 0.182 0.22 0.22
0 0.536 0.866 0.22 0.22
0 0.552 0.884 0.22 0.22
0 0.252 0.89 0.22 0.22
0 0.172 0.706 0.22 0.22
0 0.24 0.14 0.22 0.22
0 0.296 0.23 0.22 0.22
0 0.9 0.28 0.22 0.22
0 0.298 0.85 0.22 0.22
0 0.672 0.532 0.22 0.22
0 0.606 0.742 0.22 0.22
0 0.698 0.866 0.22 0.22
0 0.172 0.712 0.22 0.22
0 0.738 0.766 0.22 0.22
0 0.226 0.3 0.22 0.22
0 0.378 0.432 0.22 0.22
0 0.786 0.194 0.22 0.22