0 0.272 0.556 0.22 0.22
0 0.632 0.714 0.22 0.22
0 0.554 0.326 0.22 0.22
0 0.618 0.69 0.22 0.22
0 0.728 0.412 0.22 0.22
0 0.51 0.53 0.22 0.22
0 0.702 0.692 0.22 0.22
0 0.674 0.856 0.22 0.22
0 0.218 0.704 0.22 0.22
0 0.11 0.848 0.22 0.22
0 0.742 0.102 0.22 0.22
0 0.648 0.638 0.22 0.22
0 0.57 0.872 0.22 0.22
0 0.836 0.114 0.22 0.22
0 0.258 0.312 0.22 0.22
0 0.628 0.394 0.22 0.22
0 0.522 0.432 0.22 0.22
0 0.574 0.766 0.22 0.22
0 0.624 0.258 0.22 0.22
0 0.6 0.438 0.22 0.22
0 0.238 0.892 0.22 0.22
0 0.508 0.408 0.22 0.22
0 0.184 0.378 0.22 0.22
0 0.806 0.862 0.22 0.22
0 0.672 0.826 0.22 0.22
0 0.466 0.304 0.22 0.22