0 0.34 0.766 0.22 0.22
0 0.388 0.7 0.22 0.22
0 0.762 0.882 0.22 0.22
0 0.88 0.518 0.22 0.22
0 0.274 0.15 0.22 0.22
0 0.408 0.176 0.22 0.22
0 0.858 0.642 0.22 0.22
0 0.306 0.666 0.22 0.22
0 0.754 0.464 0.22 0.22
0 0.766 0.514 0.22 0.22
0 0.544 0.896 0.22 0.22
0 0.89 0.234 0.22 0.22
0 0.432 0.418 0.22 0.22
0 0.27 0.736 0.22 0.22
0 0.446 0.11 0.22 0.22
0 0.35 0.692 0.22 0.22
0 0.394 0.598 0.22 0.22
0 0.786 0.398 0.22 0.22
0 0.832 0.47 0.22 0.22
0 0.518 0.746 0.22 0.22
0 0.436 0.35 0.22 0.22
0 0.374 0.446 0.22 0.22
0 0.686 0.816 0.22 0.22
0 0.718 0.326 0.22 0.22
0 0.152 0.868 0.22 0.22
0 0.478 0.372 0.22 0.22
0 0.404 0.628 0.22 0.22
0 0.888 0.846 0.22 0.22