0 0.368 0.312 0.22 0.22
0 0.356 0.324 0.22 0.22
0 0.722 0.26 0.22 0.22
0 0.678 0.854 0.22 0.22
0 0.866 0.738 0.22 0.22
0 0.314 0.626 0.22 0.22
0 0.614 0.128 0.22 0.22
0 0.362 0.844 0.22 0.22
0 0.138 0.734 0.22 0.22
0 0.37 0.186 0.22 0.22
0 0.648 0.87 0.22 0.22
0 0.104 0.412 0.22 0.22
0 0.252 0.224 0.22 0.22
0 0.45 0.89 0.22 0.22
0 0.764 0.326 0.22 0.22
0 0.362 0.116 0.22 0.22
0 0.504 0.784 0.22 0.22
0 0.614 0.174 0.22 0.22
0 0.358 0.114 0.22 0.22
0 0.318 0.56 0.22 0.22
0 0.16 0.868 0.22 0.22
0 0.604 0.81 0.22 0.22
0 0.56 0.754 0.22 0.22
0 0.108 0.444 0.22 0.22