0 0.792 0.87 0.22 0.22
0 0.716 0.638 0.22 0.22
0 0.702 0.512 0.22 0.22
0 0.492 0.732 0.22 0.22
0 0.676 0.812 0.22 0.22
0 0.604 0.818 0.22 0.22
0 0.164 0.898 0.22 0.22
0 0.482 0.338 0.22 0.22
0 0.88 0.714 0.22 0.22
0 0.266 0.866 0.22 0.22
0 0.782 0.154 0.22 0.22
0 0.266 0.682 0.22 0.22
0 0.442 0.636 0.22 0.22
0 0.278 0.126 0.22 0.22
0 0.584 0.744 0.22 0.22
0 0.178 0.636 0.22 0.22
0 0.506 0.124 0.22 0.22
0 0.316 0.552 0.22 0.22
0 0.9 0.632 0.22 0.22
0 0.764 0.446 0.22 0.22
0 0.46 0.626 0.22 0.22
0 0.236 0.128 0.22 0.22
0 0.87 0.748 0.22 0.22
0 0.27 0.812 0.22 0.22
0 0.682 0.464 0.22 0.22
0 0.102 0.106 0.22 0.22