0 0.1 0.282 0.22 0.22
0 0.64 0.208 0.22 0.22
0 0.846 0.856 0.22 0.22
0 0.484 0.534 0.22 0.22
0 0.752 0.616 0.22 0.22
0 0.328 0.412 0.22 0.22
0 0.732 0.13 0.22 0.22
0 0.128 0.292 0.22 0.22
0 0.102 0.204 0.22 0.22
0 0.224 0.432 0.22 0.22
0 0.426 0.136 0.22 0.22
0 0.394 0.168 0.22 0.22
0 0.178 0.59 0.22 0.22
0 0.692 0.304 0.22 0.22
0 0.752 0.592 0.22 0.22
0 0.232 0.496 0.22 0.22
0 0.862 0.672 0.22 0.22
0 0.762 0.148 0.22 0.22
0 0.27 0.612 0.22 0.22
0 0.142 0.566 0.22 0.22
0 0.558 0.57 0.22 0.22
0 0.166 0.344 0.22 0.22
0 0.622 0.774 0.22 0.22
0 0.612 0.768 0.22 0.22
0 0.5 0.144 0.22 0.22
0 0.338 0.252 0.22 0.22