0 0.194 0.464 0.22 0.22
0 0.702 0.532 0.22 0.22
0 0.302 0.194 0.22 0.22
0 0.34 0.16 0.22 0.22
0 0.32 0.866 0.22 0.22
0 0.35 0.522 0.22 0.22
0 0.404 0.546 0.22 0.22
0 0.392 0.594 0.22 0.22
0 0.52 0.606 0.22 0.22
0 0.77 0.31 0.22 0.22
0 0.546 0.442 0.22 0.22
0 0.328 0.808 0.22 0.22
0 0.126 0.424 0.22 0.22
0 0.502 0.578 0.22 0.22
0 0.538 0.206 0.22 0.22
0 0.644 0.742 0.22 0.22
0 0.428 0.488 0.22 0.22
0 0.442 0.166 0.22 0.22
0 0.208 0.708 0.22 0.22
0 0.856 0.684 0.22 0.22
0 0.3 0.678 0.22 0.22
0 0.518 0.192 0.22 0.22
0 0.218 0.598 0.22 0.22
0 0.526 0.638 0.22 0.22
0 0.248 0.876 0.22 0.22
0 0.566 0.504 0.22 0.22
0 0.104 0.63 0.22 0.22
0 0.68 0.54 0.22 0.22
0 0.196 0.736 0.22 0.22