0 0.676 0.584 0.22 0.22
0 0.412 0.322 0.22 0.22
0 0.378 0.88 0.22 0.22
0 0.836 0.314 0.22 0.22
0 0.67 0.356 0.22 0.22
0 0.114 0.862 0.22 0.22
0 0.9 0.662 0.22 0.22
0 0.504 0.488 0.22 0.22
0 0.884 0.232 0.22 0.22
0 0.552 0.716 0.22 0.22
0 0.772 0.738 0.22 0.22
0 0.624 0.73 0.22 0.22
0 0.358 0.184 0.22 0.22
0 0.438 0.408 0.22 0.22
0 0.304 0.148 0.22 0.22
0 0.382 0.3 0.22 0.22
0 0.812 0.37 0.22 0.22
0 0.546 0.352 0.22 0.22
0 0.704 0.222 0.22 0.22
0 0.832 0.312 0.22 0.22
0 0.706 0.18 0.22 0.22
0 0.22 0.572 0.22 0.22
0 0.89 0.246 0.22 0.22