0 0.58 0.506 0.22 0.22
0 0.296 0.586 0.22 0.22
0 0.614 0.73 0.22 0.22
0 0.136 0.682 0.22 0.22
0 0.232 0.214 0.22 0.22
0 0.122 0.444 0.22 0.22
0 0.702 0.686 0.22 0.22
0 0.118 0.752 0.22 0.22
0 0.75 0.302 0.22 0.22
0 0.1 0.632 0.22 0.22
0 0.79 0.246 0.22 0.22
0 0.896 0.674 0.22 0.22
0 0.706 0.512 0.22 0.22
0 0.82 0.234 0.22 0.22
0 0.848 0.322 0.22 0.22
0 0.6 0.808 0.22 0.22
0 0.756 0.512 0.22 0.22
0 0.526 0.492 0.22 0.22
0 0.758 0.328 0.22 0.22
0 0.282 0.592 0.22 0.22
0 0.35 0.862 0.22 0.22
0 0.8 0.244 0.22 0.22
0 0.658 0.592 0.22 0.22
0 0.188 0.354 0.22 0.22
0 0.36 0.43 0.22 0.22
0 0.234 0.822 0.22 0.22
0 0.606 0.868 0.22 0.22