0 0.644 0.456 0.22 0.22
0 0.726 0.526 0.22 0.22
0 0.342 0.728 0.22 0.22
0 0.566 0.748 0.22 0.22
0 0.62 0.664 0.22 0.22
0 0.47 0.866 0.22 0.22
0 0.724 0.664 0.22 0.22
0 0.684 0.328 0.22 0.22
0 0.394 0.252 0.22 0.22
0 0.362 0.418 0.22 0.22
0 0.314 0.14 0.22 0.22
0 0.208 0.738 0.22 0.22
0 0.622 0.18 0.22 0.22
0 0.606 0.66 0.22 0.22
0 0.53 0.638 0.22 0.22
0 0.322 0.442 0.22 0.22
0 0.83 0.26 0.22 0.22
0 0.146 0.556 0.22 0.22
0 0.314 0.2 0.22 0.22
0 0.152 0.388 0.22 0.22
0 0.664 0.73 0.22 0.22
0 0.208 0.828 0.22 0.22
0 0.692 0.348 0.22 0.22
0 0.546 0.332 0.22 0.22
0 0.232 0.286 0.22 0.22
0 0.43 0.588 0.22 0.22
0 0.35 0.676 0.22 0.22