0 0.778 0.288 0.22 0.22
0 0.278 0.416 0.22 0.22
0 0.858 0.714 0.22 0.22
0 0.138 0.112 0.22 0.22
0 0.57 0.778 0.22 0.22
0 0.156 0.328 0.22 0.22
0 0.748 0.83 0.22 0.22
0 0.136 0.616 0.22 0.22
0 0.274 0.586 0.22 0.22
0 0.47 0.308 0.22 0.22
0 0.674 0.48 0.22 0.22
0 0.454 0.886 0.22 0.22
0 0.356 0.38 0.22 0.22
0 0.298 0.378 0.22 0.22
0 0.64 0.748 0.22 0.22
0 0.578 0.778 0.22 0.22
0 0.438 0.562 0.22 0.22
0 0.118 0.184 0.22 0.22
0 0.606 0.302 0.22 0.22
0 0.792 0.484 0.22 0.22
0 0.524 0.884 0.22 0.22
0 0.726 0.874 0.22 0.22