0 0.51 0.524 0.22 0.22
0 0.556 0.248 0.22 0.22
0 0.578 0.722 0.22 0.22
0 0.276 0.868 0.22 0.22
0 0.17 0.356 0.22 0.22
0 0.26 0.372 0.22 0.22
0 0.52 0.744 0.22 0.22
0 0.866 0.126 0.22 0.22
0 0.78 0.804 0.22 0.22
0 0.468 0.65 0.22 0.22
0 0.382 0.694 0.22 0.22
0 0.47 0.338 0.22 0.22
0 0.764 0.274 0.22 0.22
0 0.158 0.37 0.22 0.22
0 0.278 0.882 0.22 0.22
0 0.262 0.812 0.22 0.22
0 0.308 0.878 0.22 0.22
0 0.68 0.19 0.22 0.22
0 0.456 0.672 0.22 0.22
0 0.504 0.648 0.22 0.22
0 0.704 0.246 0.22 0.22
0 0.396 0.674 0.22 0.22