0 0.796 0.304 0.22 0.22
0 0.606 0.596 0.22 0.22
0 0.812 0.714 0.22 0.22
0 0.354 0.496 0.22 0.22
0 0.416 0.456 0.22 0.22
0 0.142 0.184 0.22 0.22
0 0.154 0.846 0.22 0.22
0 0.624 0.842 0.22 0.22
0 0.738 0.402 0.22 0.22
0 0.438 0.606 0.22 0.22
0 0.476 0.492 0.22 0.22
0 0.188 0.324 0.22 0.22
0 0.374 0.734 0.22 0.22
0 0.402 0.794 0.22 0.22
0 0.6 0.358 0.22 0.22
0 0.614 0.82 0.22 0.22
0 0.688 0.77 0.22 0.22
0 0.278 0.518 0.22 0.22
0 0.326 0.508 0.22 0.22
0 0.584 0.728 0.22 0.22
0 0.74 0.222 0.22 0.22
0 0.75 0.642 0.22 0.22