0 0.524 0.308 0.22 0.22
0 0.882 0.436 0.22 0.22
0 0.306 0.502 0.22 0.22
0 0.114 0.584 0.22 0.22
0 0.614 0.694 0.22 0.22
0 0.452 0.136 0.22 0.22
0 0.288 0.16 0.22 0.22
0 0.13 0.396 0.22 0.22
0 0.28 0.612 0.22 0.22
0 0.258 0.42 0.22 0.22
0 0.356 0.886 0.22 0.22
0 0.462 0.674 0.22 0.22
0 0.234 0.5 0.22 0.22
0 0.52 0.666 0.22 0.22
0 0.412 0.708 0.22 0.22
0 0.134 0.826 0.22 0.22
0 0.51 0.256 0.22 0.22
0 0.696 0.15 0.22 0.22
0 0.12 0.608 0.22 0.22
0 0.858 0.114 0.22 0.22
0 0.516 0.496 0.22 0.22
0 0.716 0.846 0.22 0.22
0 0.182 0.634 0.22 0.22