0 0.408 0.488 0.22 0.22
0 0.878 0.496 0.22 0.22
0 0.602 0.666 0.22 0.22
0 0.694 0.44 0.22 0.22
0 0.67 0.834 0.22 0.22
0 0.696 0.292 0.22 0.22
0 0.148 0.22 0.22 0.22
0 0.45 0.468 0.22 0.22
0 0.82 0.84 0.22 0.22
0 0.796 0.462 0.22 0.22
0 0.392 0.29 0.22 0.22
0 0.542 0.254 0.22 0.22
0 0.132 0.174 0.22 0.22
0 0.868 0.638 0.22 0.22
0 0.142 0.658 0.22 0.22
0 0.426 0.226 0.22 0.22
0 0.616 0.208 0.22 0.22
0 0.364 0.496 0.22 0.22
0 0.184 0.17 0.22 0.22
0 0.818 0.846 0.22 0.22
0 0.718 0.894 0.22 0.22
0 0.46 0.486 0.22 0.22
0 0.132 0.606 0.22 0.22
0 0.47 0.436 0.22 0.22
0 0.478 0.416 0.22 0.22