0 0.36 0.33 0.22 0.22
0 0.228 0.368 0.22 0.22
0 0.304 0.322 0.22 0.22
0 0.72 0.584 0.22 0.22
0 0.726 0.598 0.22 0.22
0 0.11 0.136 0.22 0.22
0 0.372 0.15 0.22 0.22
0 0.712 0.698 0.22 0.22
0 0.134 0.814 0.22 0.22
0 0.736 0.218 0.22 0.22
0 0.668 0.856 0.22 0.22
0 0.596 0.358 0.22 0.22
0 0.19 0.608 0.22 0.22
0 0.286 0.632 0.22 0.22
0 0.834 0.51 0.22 0.22
0 0.576 0.746 0.22 0.22
0 0.334 0.736 0.22 0.22
0 0.824 0.154 0.22 0.22
0 0.444 0.366 0.22 0.22
0 0.506 0.788 0.22 0.22
0 0.75 0.744 0.22 0.22
0 0.582 0.604 0.22 0.22
0 0.412 0.294 0.22 0.22
0 0.446 0.248 0.22 0.22
0 0.13 0.768 0.22 0.22
0 0.844 0.76 0.22 0.22
0 0.532 0.4 0.22 0.22
0 0.322 0.888 0.22 0.22