0 0.468 0.49 0.22 0.22
0 0.18 0.298 0.22 0.22
0 0.572 0.432 0.22 0.22
0 0.286 0.292 0.22 0.22
0 0.556 0.656 0.22 0.22
0 0.626 0.844 0.22 0.22
0 0.536 0.502 0.22 0.22
0 0.12 0.694 0.22 0.22
0 0.424 0.408 0.22 0.22
0 0.878 0.66 0.22 0.22
0 0.512 0.226 0.22 0.22
0 0.664 0.112 0.22 0.22
0 0.588 0.254 0.22 0.22
0 0.37 0.562 0.22 0.22
0 0.656 0.538 0.22 0.22
0 0.864 0.106 0.22 0.22
0 0.674 0.88 0.22 0.22
0 0.572 0.81 0.22 0.22
0 0.162 0.26 0.22 0.22
0 0.236 0.25 0.22 0.22
0 0.732 0.786 0.22 0.22
0 0.392 0.14 0.22 0.22
0 0.764 0.338 0.22 0.22
0 0.82 0.252 0.22 0.22