0 0.324 0.868 0.22 0.22
0 0.892 0.14 0.22 0.22
0 0.348 0.384 0.22 0.22
0 0.386 0.864 0.22 0.22
0 0.502 0.572 0.22 0.22
0 0.834 0.508 0.22 0.22
0 0.352 0.338 0.22 0.22
0 0.626 0.714 0.22 0.22
0 0.56 0.694 0.22 0.22
0 0.864 0.498 0.22 0.22
0 0.672 0.576 0.22 0.22
0 0.334 0.21 0.22 0.22
0 0.162 0.652 0.22 0.22
0 0.22 0.226 0.22 0.22
0 0.326 0.484 0.22 0.22
0 0.126 0.708 0.22 0.22
0 0.668 0.628 0.22 0.22
0 0.32 0.758 0.22 0.22
0 0.176 0.502 0.22 0.22
0 0.32 0.102 0.22 0.22
0 0.538 0.612 0.22 0.22
0 0.494 0.654 0.22 0.22
0 0.456 0.502 0.22 0.22
0 0.506 0.738 0.22 0.22
0 0.19 0.452 0.22 0.22
0 0.124 0.554 0.22 0.22
0 0.844 0.76 0.22 0.22
0 0.672 0.716 0.22 0.22