0 0.206 0.736 0.22 0.22
0 0.576 0.162 0.22 0.22
0 0.36 0.27 0.22 0.22
0 0.298 0.512 0.22 0.22
0 0.542 0.37 0.22 0.22
0 0.274 0.892 0.22 0.22
0 0.606 0.462 0.22 0.22
0 0.352 0.198 0.22 0.22
0 0.476 0.286 0.22 0.22
0 0.168 0.17 0.22 0.22
0 0.488 0.192 0.22 0.22
0 0.804 0.35 0.22 0.22
0 0.294 0.38 0.22 0.22
0 0.578 0.478 0.22 0.22
0 0.75 0.44 0.22 0.22
0 0.684 0.732 0.22 0.22
0 0.898 0.5 0.22 0.22
0 0.798 0.766 0.22 0.22
0 0.206 0.79 0.22 0.22
0 0.586 0.326 0.22 0.22
0 0.416 0.756 0.22 0.22
0 0.54 0.408 0.22 0.22
0 0.85 0.44 0.22 0.22