0 0.402 0.586 0.22 0.22
0 0.534 0.424 0.22 0.22
0 0.594 0.394 0.22 0.22
0 0.774 0.81 0.22 0.22
0 0.814 0.706 0.22 0.22
0 0.55 0.1 0.22 0.22
0 0.262 0.372 0.22 0.22
0 0.88 0.296 0.22 0.22
0 0.56 0.436 0.22 0.22
0 0.448 0.668 0.22 0.22
0 0.58 0.48 0.22 0.22
0 0.84 0.682 0.22 0.22
0 0.296 0.276 0.22 0.22
0 0.754 0.38 0.22 0.22
0 0.606 0.152 0.22 0.22
0 0.836 0.664 0.22 0.22
0 0.244 0.432 0.22 0.22
0 0.732 0.526 0.22 0.22
0 0.198 0.364 0.22 0.22
0 0.222 0.312 0.22 0.22
0 0.348 0.878 0.22 0.22
0 0.608 0.478 0.22 0.22
0 0.738 0.344 0.22 0.22
0 0.252 0.208 0.22 0.22
0 0.722 0.534 0.22 0.22
0 0.598 0.68 0.22 0.22
0 0.136 0.562 0.22 0.22
0 0.876 0.26 0.22 0.22