0 0.424 0.794 0.22 0.22
0 0.722 0.88 0.22 0.22
0 0.848 0.238 0.22 0.22
0 0.352 0.796 0.22 0.22
0 0.636 0.67 0.22 0.22
0 0.216 0.228 0.22 0.22
0 0.83 0.272 0.22 0.22
0 0.434 0.2 0.22 0.22
0 0.232 0.208 0.22 0.22
0 0.59 0.364 0.22 0.22
0 0.802 0.808 0.22 0.22
0 0.896 0.504 0.22 0.22
0 0.376 0.818 0.22 0.22
0 0.462 0.128 0.22 0.22
0 0.682 0.348 0.22 0.22
0 0.436 0.644 0.22 0.22
0 0.664 0.878 0.22 0.22
0 0.532 0.462 0.22 0.22
0 0.496 0.514 0.22 0.22
0 0.208 0.552 0.22 0.22
0 0.454 0.276 0.22 0.22
0 0.876 0.384 0.22 0.22
0 0.892 0.23 0.22 0.22