0 0.272 0.844 0.22 0.22
0 0.474 0.848 0.22 0.22
0 0.678 0.22 0.22 0.22
0 0.248 0.708 0.22 0.22
0 0.7 0.634 0.22 0.22
0 0.328 0.264 0.22 0.22
0 0.704 0.848 0.22 0.22
0 0.592 0.138 0.22 0.22
0 0.652 0.434 0.22 0.22
0 0.794 0.626 0.22 0.22
0 0.748 0.316 0.22 0.22
0 0.374 0.306 0.22 0.22
0 0.652 0.31 0.22 0.22
0 0.274 0.362 0.22 0.22
0 0.374 0.26 0.22 0.22
0 0.394 0.456 0.22 0.22
0 0.518 0.74 0.22 0.22
0 0.592 0.734 0.22 0.22
0 0.142 0.458 0.22 0.22
0 0.708 0.338 0.22 0.22
0 0.348 0.818 0.22 0.22
0 0.866 0.882 0.22 0.22
0 0.736 0.336 0.22 0.22
0 0.594 0.744 0.22 0.22
0 0.29 0.486 0.22 0.22
0 0.244 0.256 0.22 0.22
0 0.788 0.854 0.22 0.22
0 0.574 0.11 0.22 0.22
0 0.792 0.128 0.22 0.22
0 0.492 0.676 0.22 0.22