0 0.488 0.478 0.22 0.22
0 0.668 0.37 0.22 0.22
0 0.522 0.302 0.22 0.22
0 0.804 0.61 0.22 0.22
0 0.696 0.622 0.22 0.22
0 0.382 0.544 0.22 0.22
0 0.824 0.464 0.22 0.22
0 0.134 0.282 0.22 0.22
0 0.9 0.484 0.22 0.22
0 0.15 0.59 0.22 0.22
0 0.436 0.832 0.22 0.22
0 0.814 0.482 0.22 0.22
0 0.458 0.41 0.22 0.22
0 0.334 0.208 0.22 0.22
0 0.508 0.2 0.22 0.22
0 0.584 0.354 0.22 0.22
0 0.192 0.456 0.22 0.22
0 0.576 0.664 0.22 0.22
0 0.622 0.412 0.22 0.22
0 0.15 0.22 0.22 0.22
0 0.804 0.566 0.22 0.22
0 0.264 0.146 0.22 0.22
0 0.524 0.596 0.22 0.22
0 0.284 0.23 0.22 0.22
0 0.45 0.658 0.22 0.22
0 0.76 0.358 0.22 0.22
0 0.268 0.782 0.22 0.22
0 0.672 0.192 0.22 0.22