0 0.15 0.38 0.22 0.22
0 0.18 0.284 0.22 0.22
0 0.134 0.786 0.22 0.22
0 0.568 0.708 0.22 0.22
0 0.154 0.532 0.22 0.22
0 0.492 0.368 0.22 0.22
0 0.778 0.562 0.22 0.22
0 0.644 0.8 0.22 0.22
0 0.612 0.522 0.22 0.22
0 0.848 0.424 0.22 0.22
0 0.406 0.874 0.22 0.22
0 0.546 0.708 0.22 0.22
0 0.826 0.474 0.22 0.22
0 0.838 0.708 0.22 0.22
0 0.564 0.422 0.22 0.22
0 0.742 0.234 0.22 0.22
0 0.692 0.51 0.22 0.22
0 0.268 0.768 0.22 0.22
0 0.284 0.752 0.22 0.22
0 0.522 0.658 0.22 0.22
0 0.51 0.314 0.22 0.22
0 0.812 0.604 0.22 0.22
0 0.194 0.608 0.22 0.22
0 0.172 0.844 0.22 0.22