0 0.758 0.158 0.22 0.22
0 0.374 0.356 0.22 0.22
0 0.492 0.506 0.22 0.22
0 0.794 0.456 0.22 0.22
0 0.878 0.178 0.22 0.22
0 0.166 0.338 0.22 0.22
0 0.256 0.6 0.22 0.22
0 0.474 0.584 0.22 0.22
0 0.424 0.352 0.22 0.22
0 0.47 0.104 0.22 0.22
0 0.55 0.31 0.22 0.22
0 0.34 0.334 0.22 0.22
0 0.324 0.816 0.22 0.22
0 0.432 0.756 0.22 0.22
0 0.358 0.574 0.22 0.22
0 0.662 0.648 0.22 0.22
0 0.422 0.584 0.22 0.22
0 0.664 0.548 0.22 0.22
0 0.314 0.732 0.22 0.22
0 0.454 0.434 0.22 0.22
0 0.178 0.186 0.22 0.22
0 0.436 0.204 0.22 0.22