0 0.62 0.326 0.22 0.22
0 0.342 0.264 0.22 0.22
0 0.884 0.526 0.22 0.22
0 0.488 0.732 0.22 0.22
0 0.226 0.468 0.22 0.22
0 0.416 0.42 0.22 0.22
0 0.102 0.67 0.22 0.22
0 0.818 0.142 0.22 0.22
0 0.572 0.62 0.22 0.22
0 0.58 0.748 0.22 0.22
0 0.524 0.436 0.22 0.22
0 0.528 0.876 0.22 0.22
0 0.808 0.406 0.22 0.22
0 0.78 0.196 0.22 0.22
0 0.386 0.496 0.22 0.22
0 0.706 0.88 0.22 0.22
0 0.266 0.83 0.22 0.22
0 0.27 0.176 0.22 0.22
0 0.168 0.412 0.22 0.22
0 0.588 0.6 0.22 0.22
0 0.368 0.876 0.22 0.22
0 0.632 0.198 0.22 0.22
0 0.294 0.798 0.22 0.22
0 0.722 0.434 0.22 0.22
0 0.416 0.402 0.22 0.22