0 0.51 0.12 0.22 0.22
0 0.372 0.89 0.22 0.22
0 0.57 0.844 0.22 0.22
0 0.234 0.692 0.22 0.22
0 0.86 0.466 0.22 0.22
0 0.608 0.194 0.22 0.22
0 0.1 0.684 0.22 0.22
0 0.518 0.596 0.22 0.22
0 0.13 0.596 0.22 0.22
0 0.456 0.406 0.22 0.22
0 0.756 0.376 0.22 0.22
0 0.37 0.578 0.22 0.22
0 0.802 0.2 0.22 0.22
0 0.736 0.826 0.22 0.22
0 0.134 0.378 0.22 0.22
0 0.542 0.52 0.22 0.22
0 0.19 0.896 0.22 0.22
0 0.192 0.54 0.22 0.22
0 0.704 0.248 0.22 0.22
0 0.158 0.878 0.22 0.22
0 0.1 0.484 0.22 0.22
0 0.624 0.196 0.22 0.22
0 0.442 0.186 0.22 0.22