0 0.434 0.204 0.22 0.22
0 0.892 0.15 0.22 0.22
0 0.738 0.548 0.22 0.22
0 0.77 0.84 0.22 0.22
0 0.716 0.546 0.22 0.22
0 0.386 0.35 0.22 0.22
0 0.746 0.118 0.22 0.22
0 0.74 0.79 0.22 0.22
0 0.456 0.202 0.22 0.22
0 0.54 0.628 0.22 0.22
0 0.808 0.226 0.22 0.22
0 0.598 0.552 0.22 0.22
0 0.838 0.438 0.22 0.22
0 0.52 0.292 0.22 0.22
0 0.128 0.376 0.22 0.22
0 0.312 0.12 0.22 0.22
0 0.432 0.606 0.22 0.22
0 0.696 0.418 0.22 0.22
0 0.614 0.364 0.22 0.22
0 0.18 0.382 0.22 0.22
0 0.378 0.394 0.22 0.22
0 0.288 0.34 0.22 0.22
0 0.624 0.776 0.22 0.22
0 0.684 0.2 0.22 0.22
0 0.108 0.414 0.22 0.22
0 0.414 0.812 0.22 0.22
0 0.772 0.174 0.22 0.22
0 0.376 0.304 0.22 0.22
0 0.288 0.64 0.22 0.22