0 0.758 0.498 0.22 0.22
0 0.24 0.336 0.22 0.22
0 0.874 0.108 0.22 0.22
0 0.828 0.718 0.22 0.22
0 0.134 0.774 0.22 0.22
0 0.652 0.822 0.22 0.22
0 0.596 0.762 0.22 0.22
0 0.46 0.162 0.22 0.22
0 0.49 0.672 0.22 0.22
0 0.782 0.682 0.22 0.22
0 0.832 0.758 0.22 0.22
0 0.51 0.204 0.22 0.22
0 0.144 0.598 0.22 0.22
0 0.496 0.238 0.22 0.22
0 0.368 0.776 0.22 0.22
0 0.788 0.182 0.22 0.22
0 0.83 0.76 0.22 0.22
0 0.746 0.48 0.22 0.22
0 0.676 0.286 0.22 0.22
0 0.478 0.408 0.22 0.22
0 0.32 0.78 0.22 0.22
0 0.182 0.718 0.22 0.22
0 0.27 0.666 0.22 0.22
0 0.702 0.338 0.22 0.22
0 0.484 0.758 0.22 0.22
0 0.838 0.246 0.22 0.22
0 0.816 0.588 0.22 0.22