0 0.48 0.81 0.22 0.22
0 0.404 0.38 0.22 0.22
0 0.816 0.79 0.22 0.22
0 0.882 0.82 0.22 0.22
0 0.468 0.534 0.22 0.22
0 0.646 0.8 0.22 0.22
0 0.264 0.344 0.22 0.22
0 0.812 0.194 0.22 0.22
0 0.62 0.458 0.22 0.22
0 0.33 0.77 0.22 0.22
0 0.596 0.438 0.22 0.22
0 0.26 0.45 0.22 0.22
0 0.646 0.632 0.22 0.22
0 0.438 0.578 0.22 0.22
0 0.544 0.16 0.22 0.22
0 0.7 0.874 0.22 0.22
0 0.572 0.156 0.22 0.22
0 0.784 0.754 0.22 0.22
0 0.616 0.508 0.22 0.22
0 0.11 0.318 0.22 0.22
0 0.642 0.146 0.22 0.22
0 0.564 0.64 0.22 0.22
0 0.414 0.43 0.22 0.22
0 0.548 0.498 0.22 0.22
0 0.646 0.252 0.22 0.22
0 0.598 0.48 0.22 0.22
0 0.5 0.454 0.22 0.22
0 0.842 0.222 0.22 0.22
0 0.27 0.482 0.22 0.22