0 0.128 0.144 0.22 0.22
0 0.478 0.132 0.22 0.22
0 0.81 0.292 0.22 0.22
0 0.842 0.106 0.22 0.22
0 0.39 0.388 0.22 0.22
0 0.804 0.296 0.22 0.22
0 0.422 0.864 0.22 0.22
0 0.378 0.744 0.22 0.22
0 0.742 0.15 0.22 0.22
0 0.382 0.712 0.22 0.22
0 0.22 0.82 0.22 0.22
0 0.842 0.212 0.22 0.22
0 0.2 0.458 0.22 0.22
0 0.108 0.514 0.22 0.22
0 0.53 0.332 0.22 0.22
0 0.518 0.538 0.22 0.22
0 0.29 0.168 0.22 0.22
0 0.43 0.73 0.22 0.22
0 0.342 0.7 0.22 0.22
0 0.152 0.398 0.22 0.22
0 0.22 0.466 0.22 0.22
0 0.286 0.236 0.22 0.22
0 0.778 0.412 0.22 0.22
0 0.354 0.472 0.22 0.22
0 0.374 0.71 0.22 0.22
0 0.23 0.69 0.22 0.22
0 0.714 0.318 0.22 0.22
0 0.694 0.238 0.22 0.22