0 0.172 0.158 0.22 0.22
0 0.732 0.676 0.22 0.22
0 0.116 0.826 0.22 0.22
0 0.614 0.744 0.22 0.22
0 0.674 0.16 0.22 0.22
0 0.816 0.664 0.22 0.22
0 0.538 0.244 0.22 0.22
0 0.576 0.844 0.22 0.22
0 0.892 0.598 0.22 0.22
0 0.618 0.53 0.22 0.22
0 0.83 0.748 0.22 0.22
0 0.69 0.882 0.22 0.22
0 0.43 0.402 0.22 0.22
0 0.816 0.376 0.22 0.22
0 0.112 0.194 0.22 0.22
0 0.472 0.194 0.22 0.22
0 0.74 0.224 0.22 0.22
0 0.274 0.696 0.22 0.22
0 0.358 0.448 0.22 0.22
0 0.286 0.212 0.22 0.22
0 0.308 0.282 0.22 0.22
0 0.418 0.524 0.22 0.22
0 0.842 0.492 0.22 0.22
0 0.794 0.718 0.22 0.22
0 0.322 0.208 0.22 0.22
0 0.872 0.2 0.22 0.22
0 0.302 0.884 0.22 0.22
0 0.806 0.484 0.22 0.22
0 0.122 0.162 0.22 0.22
0 0.666 0.102 0.22 0.22