0 0.41 0.304 0.22 0.22
0 0.316 0.794 0.22 0.22
0 0.622 0.726 0.22 0.22
0 0.316 0.848 0.22 0.22
0 0.408 0.73 0.22 0.22
0 0.414 0.77 0.22 0.22
0 0.17 0.676 0.22 0.22
0 0.614 0.606 0.22 0.22
0 0.386 0.822 0.22 0.22
0 0.502 0.28 0.22 0.22
0 0.19 0.578 0.22 0.22
0 0.826 0.346 0.22 0.22
0 0.236 0.16 0.22 0.22
0 0.168 0.422 0.22 0.22
0 0.528 0.59 0.22 0.22
0 0.594 0.15 0.22 0.22
0 0.356 0.114 0.22 0.22
0 0.122 0.386 0.22 0.22
0 0.24 0.816 0.22 0.22
0 0.398 0.148 0.22 0.22
0 0.454 0.348 0.22 0.22
0 0.648 0.454 0.22 0.22
0 0.128 0.388 0.22 0.22
0 0.364 0.202 0.22 0.22
0 0.666 0.746 0.22 0.22