0 0.59 0.282 0.22 0.22
0 0.47 0.124 0.22 0.22
0 0.47 0.796 0.22 0.22
0 0.474 0.1 0.22 0.22
0 0.778 0.292 0.22 0.22
0 0.358 0.578 0.22 0.22
0 0.494 0.184 0.22 0.22
0 0.648 0.674 0.22 0.22
0 0.134 0.28 0.22 0.22
0 0.712 0.872 0.22 0.22
0 0.298 0.644 0.22 0.22
0 0.322 0.306 0.22 0.22
0 0.172 0.44 0.22 0.22
0 0.812 0.686 0.22 0.22
0 0.528 0.718 0.22 0.22
0 0.564 0.36 0.22 0.22
0 0.208 0.35 0.22 0.22
0 0.736 0.202 0.22 0.22
0 0.442 0.21 0.22 0.22
0 0.85 0.78 0.22 0.22
0 0.19 0.122 0.22 0.22
0 0.222 0.888 0.22 0.22
0 0.818 0.562 0.22 0.22
0 0.302 0.108 0.22 0.22
0 0.422 0.558 0.22 0.22