0 0.156 0.478 0.22 0.22
0 0.276 0.476 0.22 0.22
0 0.466 0.324 0.22 0.22
0 0.632 0.188 0.22 0.22
0 0.228 0.416 0.22 0.22
0 0.112 0.37 0.22 0.22
0 0.754 0.87 0.22 0.22
0 0.816 0.438 0.22 0.22
0 0.626 0.586 0.22 0.22
0 0.272 0.496 0.22 0.22
0 0.43 0.438 0.22 0.22
0 0.332 0.496 0.22 0.22
0 0.11 0.628 0.22 0.22
0 0.26 0.394 0.22 0.22
0 0.772 0.384 0.22 0.22
0 0.85 0.562 0.22 0.22
0 0.486 0.544 0.22 0.22
0 0.226 0.28 0.22 0.22
0 0.858 0.704 0.22 0.22
0 0.11 0.738 0.22 0.22
0 0.4 0.898 0.22 0.22
0 0.8 0.276 0.22 0.22
0 0.794 0.306 0.22 0.22
0 0.444 0.542 0.22 0.22
0 0.306 0.102 0.22 0.22
0 0.36 0.35 0.22 0.22