0 0.558 0.53 0.22 0.22
0 0.61 0.8 0.22 0.22
0 0.746 0.632 0.22 0.22
0 0.276 0.584 0.22 0.22
0 0.172 0.5 0.22 0.22
0 0.532 0.896 0.22 0.22
0 0.66 0.182 0.22 0.22
0 0.528 0.126 0.22 0.22
0 0.198 0.862 0.22 0.22
0 0.112 0.35 0.22 0.22
0 0.838 0.1 0.22 0.22
0 0.828 0.218 0.22 0.22
0 0.892 0.618 0.22 0.22
0 0.628 0.514 0.22 0.22
0 0.288 0.13 0.22 0.22
0 0.6 0.474 0.22 0.22
0 0.642 0.824 0.22 0.22
0 0.264 0.134 0.22 0.22
0 0.718 0.828 0.22 0.22
0 0.476 0.874 0.22 0.22
0 0.62 0.474 0.22 0.22
0 0.546 0.344 0.22 0.22
0 0.45 0.14 0.22 0.22
0 0.882 0.39 0.22 0.22
0 0.376 0.784 0.22 0.22
0 0.248 0.848 0.22 0.22
0 0.308 0.564 0.22 0.22