0 0.288 0.284 0.22 0.22
0 0.116 0.422 0.22 0.22
0 0.342 0.562 0.22 0.22
0 0.508 0.46 0.22 0.22
0 0.774 0.46 0.22 0.22
0 0.828 0.624 0.22 0.22
0 0.576 0.432 0.22 0.22
0 0.296 0.582 0.22 0.22
0 0.216 0.232 0.22 0.22
0 0.466 0.824 0.22 0.22
0 0.776 0.796 0.22 0.22
0 0.756 0.782 0.22 0.22
0 0.488 0.474 0.22 0.22
0 0.784 0.882 0.22 0.22
0 0.72 0.436 0.22 0.22
0 0.306 0.358 0.22 0.22
0 0.774 0.34 0.22 0.22
0 0.786 0.52 0.22 0.22
0 0.418 0.41 0.22 0.22
0 0.77 0.36 0.22 0.22
0 0.808 0.328 0.22 0.22
0 0.536 0.658 0.22 0.22
0 0.498 0.578 0.22 0.22
0 0.458 0.512 0.22 0.22
0 0.538 0.474 0.22 0.22
0 0.844 0.586 0.22 0.22