0 0.714 0.47 0.22 0.22
0 0.312 0.348 0.22 0.22
0 0.712 0.526 0.22 0.22
0 0.308 0.254 0.22 0.22
0 0.67 0.686 0.22 0.22
0 0.278 0.2 0.22 0.22
0 0.674 0.382 0.22 0.22
0 0.112 0.778 0.22 0.22
0 0.228 0.454 0.22 0.22
0 0.538 0.248 0.22 0.22
0 0.814 0.246 0.22 0.22
0 0.106 0.306 0.22 0.22
0 0.478 0.344 0.22 0.22
0 0.128 0.292 0.22 0.22
0 0.682 0.322 0.22 0.22
0 0.582 0.858 0.22 0.22
0 0.294 0.188 0.22 0.22
0 0.516 0.474 0.22 0.22
0 0.486 0.826 0.22 0.22
0 0.214 0.114 0.22 0.22
0 0.46 0.416 0.22 0.22
0 0.55 0.716 0.22 0.22
0 0.706 0.194 0.22 0.22
0 0.378 0.254 0.22 0.22
0 0.692 0.316 0.22 0.22
0 0.884 0.654 0.22 0.22
0 0.478 0.198 0.22 0.22
0 0.286 0.604 0.22 0.22