0 0.44 0.37 0.22 0.22
0 0.674 0.602 0.22 0.22
0 0.164 0.508 0.22 0.22
0 0.294 0.464 0.22 0.22
0 0.37 0.676 0.22 0.22
0 0.264 0.53 0.22 0.22
0 0.77 0.85 0.22 0.22
0 0.306 0.576 0.22 0.22
0 0.446 0.796 0.22 0.22
0 0.372 0.668 0.22 0.22
0 0.74 0.41 0.22 0.22
0 0.456 0.53 0.22 0.22
0 0.84 0.326 0.22 0.22
0 0.4 0.266 0.22 0.22
0 0.656 0.116 0.22 0.22
0 0.396 0.556 0.22 0.22
0 0.558 0.554 0.22 0.22
0 0.312 0.51 0.22 0.22
0 0.408 0.676 0.22 0.22
0 0.552 0.606 0.22 0.22
0 0.814 0.792 0.22 0.22
0 0.532 0.502 0.22 0.22
0 0.492 0.674 0.22 0.22
0 0.808 0.28 0.22 0.22
0 0.71 0.634 0.22 0.22
0 0.724 0.306 0.22 0.22