0 0.792 0.14 0.22 0.22
0 0.56 0.642 0.22 0.22
0 0.146 0.75 0.22 0.22
0 0.822 0.648 0.22 0.22
0 0.306 0.866 0.22 0.22
0 0.162 0.178 0.22 0.22
0 0.146 0.348 0.22 0.22
0 0.128 0.674 0.22 0.22
0 0.812 0.706 0.22 0.22
0 0.246 0.208 0.22 0.22
0 0.174 0.31 0.22 0.22
0 0.324 0.738 0.22 0.22
0 0.288 0.564 0.22 0.22
0 0.37 0.758 0.22 0.22
0 0.748 0.836 0.22 0.22
0 0.802 0.862 0.22 0.22
0 0.132 0.744 0.22 0.22
0 0.35 0.51 0.22 0.22
0 0.756 0.266 0.22 0.22
0 0.466 0.84 0.22 0.22
0 0.224 0.822 0.22 0.22
0 0.302 0.142 0.22 0.22
0 0.162 0.39 0.22 0.22
0 0.318 0.716 0.22 0.22
0 0.162 0.27 0.22 0.22
0 0.84 0.554 0.22 0.22
0 0.852 0.858 0.22 0.22
0 0.892 0.786 0.22 0.22
0 0.214 0.268 0.22 0.22