0 0.622 0.872 0.22 0.22
0 0.312 0.382 0.22 0.22
0 0.464 0.11 0.22 0.22
0 0.304 0.342 0.22 0.22
0 0.786 0.148 0.22 0.22
0 0.18 0.834 0.22 0.22
0 0.49 0.648 0.22 0.22
0 0.354 0.894 0.22 0.22
0 0.846 0.714 0.22 0.22
0 0.202 0.8 0.22 0.22
0 0.116 0.616 0.22 0.22
0 0.214 0.25 0.22 0.22
0 0.618 0.534 0.22 0.22
0 0.242 0.17 0.22 0.22
0 0.308 0.84 0.22 0.22
0 0.594 0.31 0.22 0.22
0 0.768 0.484 0.22 0.22
0 0.662 0.398 0.22 0.22
0 0.596 0.292 0.22 0.22
0 0.818 0.182 0.22 0.22
0 0.366 0.11 0.22 0.22
0 0.336 0.176 0.22 0.22