0 0.526 0.654 0.22 0.22
0 0.318 0.894 0.22 0.22
0 0.466 0.268 0.22 0.22
0 0.14 0.818 0.22 0.22
0 0.692 0.802 0.22 0.22
0 0.202 0.624 0.22 0.22
0 0.152 0.2 0.22 0.22
0 0.732 0.37 0.22 0.22
0 0.15 0.558 0.22 0.22
0 0.76 0.188 0.22 0.22
0 0.74 0.128 0.22 0.22
0 0.1 0.598 0.22 0.22
0 0.524 0.462 0.22 0.22
0 0.1 0.478 0.22 0.22
0 0.46 0.83 0.22 0.22
0 0.628 0.528 0.22 0.22
0 0.534 0.102 0.22 0.22
0 0.658 0.56 0.22 0.22
0 0.296 0.276 0.22 0.22
0 0.416 0.89 0.22 0.22
0 0.388 0.774 0.22 0.22
0 0.2 0.12 0.22 0.22
0 0.284 0.266 0.22 0.22
0 0.338 0.756 0.22 0.22