0 0.422 0.882 0.22 0.22
0 0.506 0.23 0.22 0.22
0 0.266 0.55 0.22 0.22
0 0.696 0.104 0.22 0.22
0 0.172 0.474 0.22 0.22
0 0.65 0.126 0.22 0.22
0 0.26 0.112 0.22 0.22
0 0.622 0.826 0.22 0.22
0 0.246 0.454 0.22 0.22
0 0.656 0.734 0.22 0.22
0 0.386 0.436 0.22 0.22
0 0.868 0.142 0.22 0.22
0 0.898 0.572 0.22 0.22
0 0.23 0.106 0.22 0.22
0 0.612 0.232 0.22 0.22
0 0.634 0.228 0.22 0.22
0 0.294 0.316 0.22 0.22
0 0.274 0.786 0.22 0.22
0 0.57 0.722 0.22 0.22
0 0.254 0.898 0.22 0.22
0 0.3 0.784 0.22 0.22
0 0.444 0.688 0.22 0.22
0 0.28 0.298 0.22 0.22
0 0.538 0.836 0.22 0.22
0 0.64 0.816 0.22 0.22
0 0.192 0.722 0.22 0.22
0 0.882 0.12 0.22 0.22
0 0.42 0.244 0.22 0.22
0 0.584 0.352 0.22 0.22
0 0.672 0.218 0.22 0.22