0 0.29 0.542 0.22 0.22
0 0.544 0.72 0.22 0.22
0 0.81 0.298 0.22 0.22
0 0.714 0.602 0.22 0.22
0 0.352 0.462 0.22 0.22
0 0.176 0.56 0.22 0.22
0 0.48 0.506 0.22 0.22
0 0.544 0.176 0.22 0.22
0 0.402 0.384 0.22 0.22
0 0.342 0.298 0.22 0.22
0 0.878 0.242 0.22 0.22
0 0.394 0.294 0.22 0.22
0 0.276 0.578 0.22 0.22
0 0.87 0.594 0.22 0.22
0 0.376 0.792 0.22 0.22
0 0.582 0.364 0.22 0.22
0 0.838 0.628 0.22 0.22
0 0.886 0.158 0.22 0.22
0 0.666 0.492 0.22 0.22
0 0.228 0.358 0.22 0.22
0 0.656 0.12 0.22 0.22
0 0.772 0.162 0.22 0.22
0 0.474 0.588 0.22 0.22
0 0.406 0.708 0.22 0.22
0 0.638 0.108 0.22 0.22
0 0.198 0.172 0.22 0.22
0 0.42 0.89 0.22 0.22
0 0.758 0.148 0.22 0.22