0 0.88 0.556 0.22 0.22
0 0.338 0.506 0.22 0.22
0 0.176 0.43 0.22 0.22
0 0.178 0.596 0.22 0.22
0 0.82 0.81 0.22 0.22
0 0.102 0.74 0.22 0.22
0 0.888 0.35 0.22 0.22
0 0.108 0.54 0.22 0.22
0 0.502 0.846 0.22 0.22
0 0.63 0.284 0.22 0.22
0 0.794 0.732 0.22 0.22
0 0.866 0.11 0.22 0.22
0 0.414 0.264 0.22 0.22
0 0.398 0.492 0.22 0.22
0 0.612 0.694 0.22 0.22
0 0.628 0.438 0.22 0.22
0 0.782 0.442 0.22 0.22
0 0.588 0.492 0.22 0.22
0 0.84 0.16 0.22 0.22
0 0.252 0.226 0.22 0.22
0 0.822 0.204 0.22 0.22
0 0.728 0.298 0.22 0.22
0 0.254 0.494 0.22 0.22
0 0.18 0.178 0.22 0.22
0 0.882 0.898 0.22 0.22
0 0.288 0.892 0.22 0.22
0 0.264 0.842 0.22 0.22
0 0.752 0.772 0.22 0.22
0 0.296 0.334 0.22 0.22