0 0.1 0.554 0.22 0.22
0 0.304 0.718 0.22 0.22
0 0.264 0.43 0.22 0.22
0 0.892 0.25 0.22 0.22
0 0.384 0.75 0.22 0.22
0 0.278 0.222 0.22 0.22
0 0.846 0.81 0.22 0.22
0 0.596 0.456 0.22 0.22
0 0.808 0.158 0.22 0.22
0 0.22 0.676 0.22 0.22
0 0.726 0.898 0.22 0.22
0 0.68 0.24 0.22 0.22
0 0.148 0.866 0.22 0.22
0 0.636 0.232 0.22 0.22
0 0.648 0.676 0.22 0.22
0 0.188 0.8 0.22 0.22
0 0.854 0.742 0.22 0.22
0 0.114 0.212 0.22 0.22
0 0.856 0.288 0.22 0.22
0 0.742 0.604 0.22 0.22
0 0.72 0.784 0.22 0.22
0 0.268 0.696 0.22 0.22
0 0.604 0.6 0.22 0.22
0 0.732 0.466 0.22 0.22
0 0.38 0.136 0.22 0.22
0 0.336 0.642 0.22 0.22
0 0.866 0.46 0.22 0.22