0 0.49 0.616 0.22 0.22
0 0.774 0.758 0.22 0.22
0 0.104 0.198 0.22 0.22
0 0.462 0.236 0.22 0.22
0 0.504 0.404 0.22 0.22
0 0.668 0.464 0.22 0.22
0 0.392 0.438 0.22 0.22
0 0.178 0.112 0.22 0.22
0 0.196 0.744 0.22 0.22
0 0.554 0.272 0.22 0.22
0 0.818 0.572 0.22 0.22
0 0.532 0.184 0.22 0.22
0 0.794 0.456 0.22 0.22
0 0.212 0.456 0.22 0.22
0 0.764 0.472 0.22 0.22
0 0.446 0.766 0.22 0.22
0 0.89 0.756 0.22 0.22
0 0.626 0.464 0.22 0.22
0 0.558 0.232 0.22 0.22
0 0.706 0.864 0.22 0.22
0 0.882 0.772 0.22 0.22
0 0.678 0.89 0.22 0.22
0 0.494 0.832 0.22 0.22
0 0.51 0.514 0.22 0.22
0 0.882 0.278 0.22 0.22
0 0.796 0.14 0.22 0.22
0 0.9 0.394 0.22 0.22
0 0.514 0.542 0.22 0.22