0 0.616 0.728 0.22 0.22
0 0.714 0.674 0.22 0.22
0 0.826 0.14 0.22 0.22
0 0.176 0.112 0.22 0.22
0 0.446 0.484 0.22 0.22
0 0.618 0.744 0.22 0.22
0 0.582 0.574 0.22 0.22
0 0.33 0.15 0.22 0.22
0 0.712 0.444 0.22 0.22
0 0.704 0.712 0.22 0.22
0 0.218 0.226 0.22 0.22
0 0.656 0.25 0.22 0.22
0 0.806 0.388 0.22 0.22
0 0.176 0.644 0.22 0.22
0 0.378 0.19 0.22 0.22
0 0.226 0.834 0.22 0.22
0 0.406 0.636 0.22 0.22
0 0.738 0.608 0.22 0.22
0 0.256 0.864 0.22 0.22
0 0.846 0.442 0.22 0.22
0 0.438 0.312 0.22 0.22
0 0.186 0.396 0.22 0.22
0 0.682 0.3 0.22 0.22
0 0.834 0.79 0.22 0.22
0 0.262 0.824 0.22 0.22