0 0.142 0.232 0.22 0.22
0 0.386 0.508 0.22 0.22
0 0.508 0.37 0.22 0.22
0 0.786 0.266 0.22 0.22
0 0.814 0.114 0.22 0.22
0 0.86 0.696 0.22 0.22
0 0.506 0.758 0.22 0.22
0 0.812 0.9 0.22 0.22
0 0.502 0.806 0.22 0.22
0 0.278 0.242 0.22 0.22
0 0.332 0.208 0.22 0.22
0 0.182 0.742 0.22 0.22
0 0.262 0.51 0.22 0.22
0 0.468 0.114 0.22 0.22
0 0.466 0.264 0.22 0.22
0 0.214 0.61 0.22 0.22
0 0.314 0.836 0.22 0.22
0 0.496 0.334 0.22 0.22
0 0.388 0.576 0.22 0.22
0 0.832 0.108 0.22 0.22
0 0.646 0.406 0.22 0.22
0 0.484 0.776 0.22 0.22
0 0.314 0.256 0.22 0.22
0 0.128 0.83 0.22 0.22
0 0.106 0.544 0.22 0.22
0 0.206 0.528 0.22 0.22
0 0.8 0.888 0.22 0.22
0 0.502 0.834 0.22 0.22
0 0.516 0.89 0.22 0.22