0 0.794 0.388 0.22 0.22
0 0.766 0.626 0.22 0.22
0 0.648 0.58 0.22 0.22
0 0.68 0.268 0.22 0.22
0 0.898 0.482 0.22 0.22
0 0.162 0.604 0.22 0.22
0 0.754 0.628 0.22 0.22
0 0.886 0.836 0.22 0.22
0 0.122 0.21 0.22 0.22
0 0.254 0.7 0.22 0.22
0 0.31 0.536 0.22 0.22
0 0.146 0.534 0.22 0.22
0 0.384 0.478 0.22 0.22
0 0.832 0.734 0.22 0.22
0 0.584 0.136 0.22 0.22
0 0.806 0.126 0.22 0.22
0 0.642 0.476 0.22 0.22
0 0.11 0.544 0.22 0.22
0 0.214 0.25 0.22 0.22
0 0.82 0.47 0.22 0.22
0 0.864 0.394 0.22 0.22
0 0.252 0.54 0.22 0.22
0 0.424 0.716 0.22 0.22
0 0.836 0.552 0.22 0.22