0 0.882 0.514 0.22 0.22
0 0.612 0.438 0.22 0.22
0 0.78 0.452 0.22 0.22
0 0.424 0.376 0.22 0.22
0 0.574 0.888 0.22 0.22
0 0.202 0.286 0.22 0.22
0 0.346 0.84 0.22 0.22
0 0.654 0.15 0.22 0.22
0 0.254 0.846 0.22 0.22
0 0.26 0.612 0.22 0.22
0 0.666 0.252 0.22 0.22
0 0.338 0.288 0.22 0.22
0 0.798 0.688 0.22 0.22
0 0.78 0.774 0.22 0.22
0 0.234 0.184 0.22 0.22
0 0.254 0.49 0.22 0.22
0 0.424 0.2 0.22 0.22
0 0.496 0.484 0.22 0.22
0 0.462 0.72 0.22 0.22
0 0.876 0.662 0.22 0.22
0 0.126 0.386 0.22 0.22
0 0.438 0.688 0.22 0.22
0 0.35 0.422 0.22 0.22
0 0.366 0.568 0.22 0.22
0 0.75 0.76 0.22 0.22
0 0.118 0.398 0.22 0.22
0 0.172 0.138 0.22 0.22
0 0.294 0.19 0.22 0.22
0 0.68 0.468 0.22 0.22
0 0.2 0.11 0.22 0.22