0 0.544 0.856 0.22 0.22
0 0.542 0.204 0.22 0.22
0 0.834 0.212 0.22 0.22
0 0.254 0.842 0.22 0.22
0 0.51 0.4 0.22 0.22
0 0.724 0.87 0.22 0.22
0 0.404 0.21 0.22 0.22
0 0.64 0.762 0.22 0.22
0 0.252 0.676 0.22 0.22
0 0.54 0.6 0.22 0.22
0 0.88 0.406 0.22 0.22
0 0.76 0.116 0.22 0.22
0 0.354 0.848 0.22 0.22
0 0.352 0.552 0.22 0.22
0 0.552 0.2 0.22 0.22
0 0.838 0.26 0.22 0.22
0 0.818 0.85 0.22 0.22
0 0.856 0.206 0.22 0.22
0 0.23 0.348 0.22 0.22
0 0.186 0.466 0.22 0.22
0 0.542 0.59 0.22 0.22
0 0.822 0.494 0.22 0.22
0 0.61 0.722 0.22 0.22
0 0.364 0.592 0.22 0.22
0 0.636 0.414 0.22 0.22
0 0.478 0.488 0.22 0.22
0 0.534 0.328 0.22 0.22
0 0.442 0.302 0.22 0.22