0 0.534 0.588 0.22 0.22
0 0.146 0.634 0.22 0.22
0 0.148 0.806 0.22 0.22
0 0.77 0.13 0.22 0.22
0 0.49 0.438 0.22 0.22
0 0.126 0.614 0.22 0.22
0 0.412 0.642 0.22 0.22
0 0.178 0.302 0.22 0.22
0 0.272 0.618 0.22 0.22
0 0.352 0.474 0.22 0.22
0 0.486 0.9 0.22 0.22
0 0.604 0.356 0.22 0.22
0 0.568 0.634 0.22 0.22
0 0.12 0.334 0.22 0.22
0 0.148 0.154 0.22 0.22
0 0.574 0.698 0.22 0.22
0 0.26 0.316 0.22 0.22
0 0.366 0.656 0.22 0.22
0 0.56 0.724 0.22 0.22
0 0.278 0.886 0.22 0.22
0 0.72 0.63 0.22 0.22
0 0.6 0.57 0.22 0.22
0 0.426 0.158 0.22 0.22