0 0.402 0.226 0.22 0.22
0 0.258 0.786 0.22 0.22
0 0.18 0.306 0.22 0.22
0 0.544 0.834 0.22 0.22
0 0.344 0.806 0.22 0.22
0 0.132 0.458 0.22 0.22
0 0.154 0.658 0.22 0.22
0 0.686 0.306 0.22 0.22
0 0.592 0.77 0.22 0.22
0 0.264 0.312 0.22 0.22
0 0.384 0.454 0.22 0.22
0 0.876 0.286 0.22 0.22
0 0.422 0.712 0.22 0.22
0 0.426 0.804 0.22 0.22
0 0.802 0.364 0.22 0.22
0 0.308 0.286 0.22 0.22
0 0.728 0.876 0.22 0.22
0 0.534 0.55 0.22 0.22
0 0.614 0.858 0.22 0.22
0 0.122 0.212 0.22 0.22
0 0.742 0.47 0.22 0.22
0 0.892 0.244 0.22 0.22
0 0.826 0.57 0.22 0.22
0 0.88 0.676 0.22 0.22
0 0.446 0.754 0.22 0.22
0 0.78 0.362 0.22 0.22