0 0.18 0.194 0.22 0.22
0 0.384 0.568 0.22 0.22
0 0.1 0.324 0.22 0.22
0 0.45 0.664 0.22 0.22
0 0.294 0.27 0.22 0.22
0 0.556 0.388 0.22 0.22
0 0.744 0.514 0.22 0.22
0 0.484 0.424 0.22 0.22
0 0.738 0.86 0.22 0.22
0 0.776 0.31 0.22 0.22
0 0.806 0.146 0.22 0.22
0 0.278 0.84 0.22 0.22
0 0.804 0.262 0.22 0.22
0 0.588 0.45 0.22 0.22
0 0.78 0.892 0.22 0.22
0 0.242 0.136 0.22 0.22
0 0.884 0.678 0.22 0.22
0 0.884 0.862 0.22 0.22
0 0.37 0.192 0.22 0.22
0 0.4 0.788 0.22 0.22
0 0.432 0.22 0.22 0.22
0 0.548 0.722 0.22 0.22
0 0.582 0.204 0.22 0.22
0 0.472 0.884 0.22 0.22
0 0.482 0.566 0.22 0.22
0 0.68 0.682 0.22 0.22
0 0.306 0.244 0.22 0.22
0 0.89 0.816 0.22 0.22
0 0.202 0.398 0.22 0.22