0 0.366 0.662 0.22 0.22
0 0.36 0.43 0.22 0.22
0 0.522 0.788 0.22 0.22
0 0.446 0.516 0.22 0.22
0 0.552 0.458 0.22 0.22
0 0.184 0.788 0.22 0.22
0 0.404 0.562 0.22 0.22
0 0.26 0.702 0.22 0.22
0 0.778 0.4 0.22 0.22
0 0.338 0.746 0.22 0.22
0 0.7 0.126 0.22 0.22
0 0.758 0.366 0.22 0.22
0 0.42 0.494 0.22 0.22
0 0.726 0.772 0.22 0.22
0 0.53 0.762 0.22 0.22
0 0.494 0.738 0.22 0.22
0 0.778 0.866 0.22 0.22
0 0.252 0.228 0.22 0.22
0 0.166 0.856 0.22 0.22
0 0.344 0.84 0.22 0.22
0 0.486 0.284 0.22 0.22
0 0.476 0.382 0.22 0.22
0 0.514 0.146 0.22 0.22
0 0.216 0.724 0.22 0.22
0 0.186 0.364 0.22 0.22
0 0.7 0.416 0.22 0.22
0 0.386 0.648 0.22 0.22
0 0.638 0.348 0.22 0.22
0 0.874 0.184 0.22 0.22
0 0.432 0.51 0.22 0.22