0 0.612 0.618 0.22 0.22
0 0.576 0.606 0.22 0.22
0 0.526 0.116 0.22 0.22
0 0.626 0.494 0.22 0.22
0 0.768 0.532 0.22 0.22
0 0.416 0.726 0.22 0.22
0 0.114 0.564 0.22 0.22
0 0.728 0.262 0.22 0.22
0 0.406 0.686 0.22 0.22
0 0.152 0.4 0.22 0.22
0 0.1 0.484 0.22 0.22
0 0.366 0.832 0.22 0.22
0 0.294 0.71 0.22 0.22
0 0.648 0.568 0.22 0.22
0 0.106 0.412 0.22 0.22
0 0.396 0.148 0.22 0.22
0 0.66 0.672 0.22 0.22
0 0.136 0.766 0.22 0.22
0 0.664 0.45 0.22 0.22
0 0.716 0.646 0.22 0.22
0 0.546 0.298 0.22 0.22
0 0.554 0.58 0.22 0.22
0 0.244 0.626 0.22 0.22
0 0.714 0.782 0.22 0.22