0 0.794 0.812 0.22 0.22
0 0.678 0.608 0.22 0.22
0 0.254 0.612 0.22 0.22
0 0.508 0.522 0.22 0.22
0 0.888 0.88 0.22 0.22
0 0.4 0.866 0.22 0.22
0 0.846 0.55 0.22 0.22
0 0.144 0.486 0.22 0.22
0 0.41 0.24 0.22 0.22
0 0.894 0.344 0.22 0.22
0 0.822 0.148 0.22 0.22
0 0.776 0.152 0.22 0.22
0 0.588 0.512 0.22 0.22
0 0.26 0.77 0.22 0.22
0 0.166 0.684 0.22 0.22
0 0.31 0.808 0.22 0.22
0 0.336 0.336 0.22 0.22
0 0.32 0.324 0.22 0.22
0 0.19 0.154 0.22 0.22
0 0.222 0.576 0.22 0.22
0 0.616 0.7 0.22 0.22
0 0.102 0.736 0.22 0.22
0 0.376 0.712 0.22 0.22
0 0.806 0.61 0.22 0.22
0 0.654 0.772 0.22 0.22
0 0.34 0.286 0.22 0.22
0 0.872 0.166 0.22 0.22