0 0.28 0.6 0.22 0.22
0 0.56 0.22 0.22 0.22
0 0.3 0.64 0.22 0.22
0 0.32 0.46 0.22 0.22
0 0.14 0.64 0.22 0.22
0 0.56 0.26 0.22 0.22
0 0.24 0.38 0.22 0.22
0 0.36 0.42 0.22 0.22
0 0.48 0.3 0.22 0.22
0 0.6 0.32 0.22 0.22
0 0.48 0.42 0.22 0.22
0 0.54 0.44 0.22 0.22
0 0.56 0.12 0.22 0.22
0 0.24 0.5 0.22 0.22
0 0.6 0.32 0.22 0.22
0 0.38 0.12 0.22 0.22
0 0.26 0.12 0.22 0.22
0 0.36 0.22 0.22 0.22
0 0.6 0.54 0.22 0.22
0 0.64 0.54 0.22 0.22
0 0.5 0.6 0.22 0.22
0 0.68 0.12 0.22 0.22
0 0.36 0.42 0.22 0.22
0 0.58 0.14 0.22 0.22
0 0.3 0.52 0.22 0.22
0 0.5 0.5 0.22 0.22
0 0.56 0.56 0.22 0.22
0 0.38 0.14 0.22 0.22