0 0.22 0.54 0.22 0.22
0 0.26 0.56 0.22 0.22
0 0.38 0.62 0.22 0.22
0 0.66 0.48 0.22 0.22
0 0.62 0.3 0.22 0.22
0 0.46 0.46 0.22 0.22
0 0.38 0.18 0.22 0.22
0 0.26 0.34 0.22 0.22
0 0.4 0.58 0.22 0.22
0 0.42 0.7 0.22 0.22
0 0.62 0.2 0.22 0.22
0 0.7 0.56 0.22 0.22
0 0.54 0.44 0.22 0.22
0 0.26 0.7 0.22 0.22
0 0.34 0.44 0.22 0.22
0 0.3 0.52 0.22 0.22
0 0.5 0.36 0.22 0.22
0 0.44 0.5 0.22 0.22
0 0.12 0.44 0.22 0.22
0 0.26 0.56 0.22 0.22
0 0.52 0.22 0.22 0.22
0 0.7 0.52 0.22 0.22
0 0.5 0.28 0.22 0.22
0 0.64 0.2 0.22 0.22
0 0.62 0.44 0.22 0.22
0 0.28 0.52 0.22 0.22
0 0.46 0.38 0.22 0.22
0 0.64 0.52 0.22 0.22