0 0.26 0.6 0.22 0.22
0 0.6 0.26 0.22 0.22
0 0.7 0.58 0.22 0.22
0 0.46 0.32 0.22 0.22
0 0.54 0.7 0.22 0.22
0 0.66 0.68 0.22 0.22
0 0.16 0.62 0.22 0.22
0 0.46 0.62 0.22 0.22
0 0.12 0.66 0.22 0.22
0 0.56 0.56 0.22 0.22
0 0.4 0.5 0.22 0.22
0 0.12 0.62 0.22 0.22
0 0.2 0.32 0.22 0.22
0 0.18 0.28 0.22 0.22
0 0.28 0.36 0.22 0.22
0 0.38 0.42 0.22 0.22
0 0.18 0.64 0.22 0.22
0 0.22 0.6 0.22 0.22
0 0.54 0.4 0.22 0.22
0 0.18 0.48 0.22 0.22
0 0.18 0.68 0.22 0.22
0 0.2 0.26 0.22 0.22
0 0.12 0.26 0.22 0.22
0 0.2 0.52 0.22 0.22
0 0.66 0.12 0.22 0.22
0 0.5 0.7 0.22 0.22
0 0.46 0.54 0.22 0.22