0 0.62 0.5 0.22 0.22
0 0.48 0.3 0.22 0.22
0 0.4 0.54 0.22 0.22
0 0.62 0.12 0.22 0.22
0 0.66 0.38 0.22 0.22
0 0.38 0.36 0.22 0.22
0 0.6 0.5 0.22 0.22
0 0.38 0.42 0.22 0.22
0 0.7 0.7 0.22 0.22
0 0.54 0.6 0.22 0.22
0 0.3 0.4 0.22 0.22
0 0.56 0.26 0.22 0.22
0 0.3 0.42 0.22 0.22
0 0.5 0.42 0.22 0.22
0 0.42 0.44 0.22 0.22
0 0.66 0.34 0.22 0.22
0 0.5 0.38 0.22 0.22
0 0.34 0.4 0.22 0.22
0 0.38 0.26 0.22 0.22
0 0.26 0.12 0.22 0.22
0 0.48 0.58 0.22 0.22
0 0.4 0.48 0.22 0.22
0 0.66 0.52 0.22 0.22
0 0.22 0.26 0.22 0.22
0 0.46 0.68 0.22 0.22