0 0.28 0.34 0.22 0.22
0 0.34 0.14 0.22 0.22
0 0.42 0.62 0.22 0.22
0 0.3 0.56 0.22 0.22
0 0.56 0.54 0.22 0.22
0 0.66 0.5 0.22 0.22
0 0.6 0.58 0.22 0.22
0 0.2 0.44 0.22 0.22
0 0.12 0.62 0.22 0.22
0 0.42 0.4 0.22 0.22
0 0.42 0.3 0.22 0.22
0 0.44 0.52 0.22 0.22
0 0.22 0.54 0.22 0.22
0 0.24 0.4 0.22 0.22
0 0.52 0.66 0.22 0.22
0 0.12 0.48 0.22 0.22
0 0.56 0.34 0.22 0.22
0 0.58 0.46 0.22 0.22
0 0.4 0.28 0.22 0.22
0 0.52 0.46 0.22 0.22
0 0.22 0.24 0.22 0.22
0 0.48 0.48 0.22 0.22
0 0.4 0.12 0.22 0.22
0 0.28 0.52 0.22 0.22
0 0.46 0.22 0.22 0.22
0 0.64 0.62 0.22 0.22
0 0.46 0.6 0.22 0.22