0 0.26 0.28 0.22 0.22
0 0.42 0.34 0.22 0.22
0 0.14 0.66 0.22 0.22
0 0.5 0.44 0.22 0.22
0 0.26 0.16 0.22 0.22
0 0.52 0.34 0.22 0.22
0 0.18 0.54 0.22 0.22
0 0.16 0.18 0.22 0.22
0 0.34 0.22 0.22 0.22
0 0.14 0.3 0.22 0.22
0 0.16 0.64 0.22 0.22
0 0.34 0.52 0.22 0.22
0 0.38 0.6 0.22 0.22
0 0.6 0.38 0.22 0.22
0 0.2 0.6 0.22 0.22
0 0.2 0.5 0.22 0.22
0 0.24 0.62 0.22 0.22
0 0.5 0.62 0.22 0.22
0 0.6 0.26 0.22 0.22
0 0.12 0.2 0.22 0.22
0 0.46 0.32 0.22 0.22
0 0.26 0.16 0.22 0.22
0 0.44 0.62 0.22 0.22
0 0.54 0.64 0.22 0.22