0 0.2 0.4 0.22 0.22
0 0.48 0.32 0.22 0.22
0 0.28 0.62 0.22 0.22
0 0.22 0.44 0.22 0.22
0 0.54 0.12 0.22 0.22
0 0.22 0.18 0.22 0.22
0 0.46 0.58 0.22 0.22
0 0.64 0.16 0.22 0.22
0 0.34 0.64 0.22 0.22
0 0.66 0.56 0.22 0.22
0 0.56 0.68 0.22 0.22
0 0.34 0.56 0.22 0.22
0 0.14 0.28 0.22 0.22
0 0.54 0.14 0.22 0.22
0 0.6 0.54 0.22 0.22
0 0.3 0.28 0.22 0.22
0 0.34 0.16 0.22 0.22
0 0.2 0.16 0.22 0.22
0 0.66 0.46 0.22 0.22
0 0.42 0.58 0.22 0.22
0 0.14 0.7 0.22 0.22
0 0.42 0.44 0.22 0.22
0 0.66 0.46 0.22 0.22
0 0.14 0.46 0.22 0.22
0 0.2 0.22 0.22 0.22
0 0.7 0.14 0.22 0.22