0 0.64 0.2 0.22 0.22
0 0.32 0.28 0.22 0.22
0 0.52 0.32 0.22 0.22
0 0.16 0.5 0.22 0.22
0 0.44 0.36 0.22 0.22
0 0.62 0.48 0.22 0.22
0 0.6 0.58 0.22 0.22
0 0.54 0.48 0.22 0.22
0 0.64 0.42 0.22 0.22
0 0.14 0.64 0.22 0.22
0 0.58 0.44 0.22 0.22
0 0.6 0.36 0.22 0.22
0 0.34 0.36 0.22 0.22
0 0.14 0.5 0.22 0.22
0 0.54 0.18 0.22 0.22
0 0.58 0.64 0.22 0.22
0 0.32 0.62 0.22 0.22
0 0.42 0.26 0.22 0.22
0 0.5 0.42 0.22 0.22
0 0.18 0.46 0.22 0.22
0 0.36 0.52 0.22 0.22
0 0.48 0.44 0.22 0.22
0 0.24 0.6 0.22 0.22
0 0.36 0.46 0.22 0.22
0 0.62 0.44 0.22 0.22
0 0.36 0.68 0.22 0.22
0 0.22 0.54 0.22 0.22
0 0.48 0.26 0.22 0.22
0 0.46 0.28 0.22 0.22