0 0.52 0.52 0.22 0.22
0 0.52 0.52 0.22 0.22
0 0.54 0.68 0.22 0.22
0 0.24 0.34 0.22 0.22
0 0.6 0.48 0.22 0.22
0 0.42 0.34 0.22 0.22
0 0.2 0.18 0.22 0.22
0 0.26 0.58 0.22 0.22
0 0.6 0.12 0.22 0.22
0 0.64 0.26 0.22 0.22
0 0.44 0.4 0.22 0.22
0 0.4 0.26 0.22 0.22
0 0.6 0.56 0.22 0.22
0 0.18 0.32 0.22 0.22
0 0.12 0.32 0.22 0.22
0 0.64 0.58 0.22 0.22
0 0.52 0.5 0.22 0.22
0 0.4 0.32 0.22 0.22
0 0.34 0.54 0.22 0.22
0 0.64 0.4 0.22 0.22
0 0.42 0.24 0.22 0.22
0 0.24 0.16 0.22 0.22
0 0.42 0.46 0.22 0.22
0 0.58 0.16 0.22 0.22
0 0.14 0.3 0.22 0.22
0 0.42 0.3 0.22 0.22
0 0.42 0.4 0.22 0.22