0 0.14 0.66 0.22 0.22
0 0.42 0.6 0.22 0.22
0 0.62 0.4 0.22 0.22
0 0.36 0.62 0.22 0.22
0 0.38 0.46 0.22 0.22
0 0.48 0.58 0.22 0.22
0 0.26 0.6 0.22 0.22
0 0.62 0.5 0.22 0.22
0 0.68 0.28 0.22 0.22
0 0.12 0.36 0.22 0.22
0 0.2 0.42 0.22 0.22
0 0.64 0.34 0.22 0.22
0 0.56 0.5 0.22 0.22
0 0.64 0.66 0.22 0.22
0 0.5 0.42 0.22 0.22
0 0.24 0.26 0.22 0.22
0 0.56 0.18 0.22 0.22
0 0.3 0.56 0.22 0.22
0 0.22 0.7 0.22 0.22
0 0.12 0.14 0.22 0.22
0 0.42 0.34 0.22 0.22
0 0.54 0.48 0.22 0.22
0 0.38 0.5 0.22 0.22
0 0.14 0.62 0.22 0.22