0 0.5 0.5 0.22 0.22
0 0.48 0.12 0.22 0.22
0 0.36 0.2 0.22 0.22
0 0.44 0.38 0.22 0.22
0 0.26 0.4 0.22 0.22
0 0.44 0.2 0.22 0.22
0 0.48 0.52 0.22 0.22
0 0.66 0.32 0.22 0.22
0 0.52 0.54 0.22 0.22
0 0.26 0.4 0.22 0.22
0 0.4 0.16 0.22 0.22
0 0.4 0.36 0.22 0.22
0 0.26 0.42 0.22 0.22
0 0.58 0.52 0.22 0.22
0 0.28 0.26 0.22 0.22
0 0.7 0.64 0.22 0.22
0 0.22 0.24 0.22 0.22
0 0.52 0.22 0.22 0.22
0 0.5 0.66 0.22 0.22
0 0.28 0.68 0.22 0.22
0 0.7 0.22 0.22 0.22
0 0.24 0.3 0.22 0.22
0 0.3 0.64 0.22 0.22
0 0.42 0.68 0.22 0.22
0 0.46 0.46 0.22 0.22
0 0.16 0.36 0.22 0.22