0 0.36 0.38 0.22 0.22
0 0.12 0.38 0.22 0.22
0 0.42 0.32 0.22 0.22
0 0.2 0.58 0.22 0.22
0 0.42 0.28 0.22 0.22
0 0.26 0.14 0.22 0.22
0 0.3 0.34 0.22 0.22
0 0.68 0.54 0.22 0.22
0 0.68 0.6 0.22 0.22
0 0.34 0.34 0.22 0.22
0 0.28 0.54 0.22 0.22
0 0.18 0.12 0.22 0.22
0 0.56 0.5 0.22 0.22
0 0.22 0.34 0.22 0.22
0 0.26 0.58 0.22 0.22
0 0.12 0.62 0.22 0.22
0 0.16 0.36 0.22 0.22
0 0.4 0.12 0.22 0.22
0 0.46 0.64 0.22 0.22
0 0.3 0.3 0.22 0.22
0 0.56 0.32 0.22 0.22
0 0.16 0.52 0.22 0.22
0 0.3 0.5 0.22 0.22
0 0.28 0.6 0.22 0.22
0 0.26 0.5 0.22 0.22
0 0.18 0.26 0.22 0.22
0 0.28 0.46 0.22 0.22
0 0.54 0.56 0.22 0.22
0 0.18 0.18 0.22 0.22
0 0.12 0.24 0.22 0.22