0 0.26 0.46 0.22 0.22
0 0.36 0.58 0.22 0.22
0 0.46 0.4 0.22 0.22
0 0.56 0.6 0.22 0.22
0 0.52 0.66 0.22 0.22
0 0.22 0.16 0.22 0.22
0 0.38 0.44 0.22 0.22
0 0.42 0.54 0.22 0.22
0 0.16 0.42 0.22 0.22
0 0.36 0.7 0.22 0.22
0 0.7 0.48 0.22 0.22
0 0.7 0.68 0.22 0.22
0 0.42 0.6 0.22 0.22
0 0.16 0.52 0.22 0.22
0 0.42 0.4 0.22 0.22
0 0.32 0.18 0.22 0.22
0 0.16 0.7 0.22 0.22
0 0.58 0.4 0.22 0.22
0 0.56 0.7 0.22 0.22
0 0.5 0.58 0.22 0.22
0 0.6 0.26 0.22 0.22
0 0.4 0.4 0.22 0.22
0 0.4 0.2 0.22 0.22
0 0.7 0.28 0.22 0.22
0 0.66 0.5 0.22 0.22
0 0.54 0.56 0.22 0.22
0 0.56 0.5 0.22 0.22
0 0.38 0.6 0.22 0.22
0 0.54 0.12 0.22 0.22