0 0.44 0.2 0.22 0.22
0 0.56 0.3 0.22 0.22
0 0.38 0.44 0.22 0.22
0 0.26 0.2 0.22 0.22
0 0.42 0.28 0.22 0.22
0 0.56 0.14 0.22 0.22
0 0.68 0.34 0.22 0.22
0 0.54 0.7 0.22 0.22
0 0.5 0.14 0.22 0.22
0 0.2 0.5 0.22 0.22
0 0.14 0.34 0.22 0.22
0 0.16 0.6 0.22 0.22
0 0.34 0.24 0.22 0.22
0 0.18 0.18 0.22 0.22
0 0.2 0.58 0.22 0.22
0 0.44 0.2 0.22 0.22
0 0.34 0.36 0.22 0.22
0 0.26 0.14 0.22 0.22
0 0.64 0.42 0.22 0.22
0 0.28 0.24 0.22 0.22
0 0.68 0.16 0.22 0.22
0 0.6 0.18 0.22 0.22
0 0.4 0.42 0.22 0.22
0 0.64 0.12 0.22 0.22
0 0.22 0.24 0.22 0.22
0 0.4 0.6 0.22 0.22
0 0.36 0.44 0.22 0.22