0 0.38 0.28 0.22 0.22
0 0.34 0.58 0.22 0.22
0 0.32 0.58 0.22 0.22
0 0.14 0.28 0.22 0.22
0 0.24 0.7 0.22 0.22
0 0.64 0.3 0.22 0.22
0 0.18 0.16 0.22 0.22
0 0.4 0.64 0.22 0.22
0 0.58 0.46 0.22 0.22
0 0.46 0.4 0.22 0.22
0 0.6 0.24 0.22 0.22
0 0.2 0.34 0.22 0.22
0 0.48 0.52 0.22 0.22
0 0.6 0.62 0.22 0.22
0 0.14 0.64 0.22 0.22
0 0.7 0.18 0.22 0.22
0 0.22 0.3 0.22 0.22
0 0.16 0.12 0.22 0.22
0 0.36 0.12 0.22 0.22
0 0.12 0.14 0.22 0.22
0 0.32 0.18 0.22 0.22
0 0.56 0.14 0.22 0.22
0 0.2 0.4 0.22 0.22
0 0.44 0.12 0.22 0.22
0 0.52 0.2 0.22 0.22
0 0.64 0.7 0.22 0.22
0 0.34 0.14 0.22 0.22
0 0.4 0.56 0.22 0.22
0 0.34 0.2 0.22 0.22
0 0.12 0.54 0.22 0.22