0 0.34 0.2 0.22 0.22
0 0.36 0.56 0.22 0.22
0 0.52 0.68 0.22 0.22
0 0.3 0.44 0.22 0.22
0 0.7 0.48 0.22 0.22
0 0.62 0.26 0.22 0.22
0 0.34 0.28 0.22 0.22
0 0.48 0.64 0.22 0.22
0 0.56 0.18 0.22 0.22
0 0.48 0.7 0.22 0.22
0 0.5 0.6 0.22 0.22
0 0.42 0.68 0.22 0.22
0 0.28 0.46 0.22 0.22
0 0.6 0.34 0.22 0.22
0 0.54 0.26 0.22 0.22
0 0.62 0.7 0.22 0.22
0 0.26 0.16 0.22 0.22
0 0.2 0.64 0.22 0.22
0 0.42 0.16 0.22 0.22
0 0.52 0.26 0.22 0.22
0 0.42 0.36 0.22 0.22
0 0.44 0.42 0.22 0.22
0 0.3 0.48 0.22 0.22
0 0.36 0.56 0.22 0.22
0 0.44 0.52 0.22 0.22
0 0.12 0.38 0.22 0.22