0 0.46 0.24 0.22 0.22
0 0.6 0.64 0.22 0.22
0 0.54 0.12 0.22 0.22
0 0.42 0.4 0.22 0.22
0 0.62 0.28 0.22 0.22
0 0.3 0.66 0.22 0.22
0 0.12 0.12 0.22 0.22
0 0.7 0.6 0.22 0.22
0 0.28 0.62 0.22 0.22
0 0.62 0.36 0.22 0.22
0 0.64 0.6 0.22 0.22
0 0.5 0.22 0.22 0.22
0 0.32 0.12 0.22 0.22
0 0.42 0.4 0.22 0.22
0 0.66 0.58 0.22 0.22
0 0.26 0.36 0.22 0.22
0 0.22 0.34 0.22 0.22
0 0.38 0.46 0.22 0.22
0 0.22 0.28 0.22 0.22
0 0.6 0.2 0.22 0.22
0 0.12 0.48 0.22 0.22
0 0.52 0.52 0.22 0.22
0 0.46 0.5 0.22 0.22
0 0.28 0.32 0.22 0.22
0 0.48 0.62 0.22 0.22
0 0.36 0.2 0.22 0.22
0 0.64 0.5 0.22 0.22
0 0.36 0.62 0.22 0.22
0 0.12 0.36 0.22 0.22
0 0.38 0.52 0.22 0.22