0 0.22 0.64 0.22 0.22
0 0.5 0.36 0.22 0.22
0 0.22 0.56 0.22 0.22
0 0.22 0.46 0.22 0.22
0 0.68 0.62 0.22 0.22
0 0.64 0.22 0.22 0.22
0 0.54 0.62 0.22 0.22
0 0.38 0.18 0.22 0.22
0 0.54 0.42 0.22 0.22
0 0.26 0.48 0.22 0.22
0 0.2 0.12 0.22 0.22
0 0.22 0.28 0.22 0.22
0 0.12 0.32 0.22 0.22
0 0.28 0.6 0.22 0.22
0 0.18 0.24 0.22 0.22
0 0.46 0.34 0.22 0.22
0 0.52 0.12 0.22 0.22
0 0.5 0.62 0.22 0.22
0 0.44 0.12 0.22 0.22
0 0.56 0.56 0.22 0.22
0 0.46 0.54 0.22 0.22
0 0.22 0.48 0.22 0.22
0 0.42 0.46 0.22 0.22