0 0.3 0.52 0.22 0.22
0 0.22 0.24 0.22 0.22
0 0.24 0.34 0.22 0.22
0 0.7 0.14 0.22 0.22
0 0.64 0.48 0.22 0.22
0 0.22 0.48 0.22 0.22
0 0.52 0.26 0.22 0.22
0 0.5 0.62 0.22 0.22
0 0.12 0.66 0.22 0.22
0 0.28 0.64 0.22 0.22
0 0.64 0.3 0.22 0.22
0 0.2 0.32 0.22 0.22
0 0.16 0.58 0.22 0.22
0 0.4 0.2 0.22 0.22
0 0.42 0.18 0.22 0.22
0 0.34 0.28 0.22 0.22
0 0.56 0.68 0.22 0.22
0 0.44 0.42 0.22 0.22
0 0.38 0.36 0.22 0.22
0 0.16 0.58 0.22 0.22
0 0.6 0.54 0.22 0.22
0 0.18 0.3 0.22 0.22
0 0.66 0.22 0.22 0.22
0 0.62 0.7 0.22 0.22
0 0.64 0.48 0.22 0.22
0 0.48 0.38 0.22 0.22
0 0.28 0.44 0.22 0.22