0 0.7 0.14 0.22 0.22
0 0.7 0.52 0.22 0.22
0 0.18 0.36 0.22 0.22
0 0.56 0.3 0.22 0.22
0 0.24 0.66 0.22 0.22
0 0.5 0.38 0.22 0.22
0 0.62 0.6 0.22 0.22
0 0.48 0.34 0.22 0.22
0 0.7 0.46 0.22 0.22
0 0.42 0.46 0.22 0.22
0 0.38 0.66 0.22 0.22
0 0.62 0.42 0.22 0.22
0 0.6 0.36 0.22 0.22
0 0.58 0.4 0.22 0.22
0 0.58 0.2 0.22 0.22
0 0.52 0.48 0.22 0.22
0 0.64 0.3 0.22 0.22
0 0.16 0.6 0.22 0.22
0 0.26 0.7 0.22 0.22
0 0.46 0.6 0.22 0.22
0 0.66 0.4 0.22 0.22
0 0.14 0.48 0.22 0.22
0 0.48 0.44 0.22 0.22
0 0.44 0.2 0.22 0.22
0 0.64 0.38 0.22 0.22
0 0.36 0.66 0.22 0.22
0 0.28 0.62 0.22 0.22
0 0.34 0.24 0.22 0.22
0 0.56 0.38 0.22 0.22