0 0.5 0.46 0.22 0.22
0 0.24 0.36 0.22 0.22
0 0.46 0.5 0.22 0.22
0 0.48 0.64 0.22 0.22
0 0.68 0.6 0.22 0.22
0 0.5 0.28 0.22 0.22
0 0.38 0.7 0.22 0.22
0 0.52 0.18 0.22 0.22
0 0.6 0.28 0.22 0.22
0 0.42 0.48 0.22 0.22
0 0.66 0.3 0.22 0.22
0 0.44 0.2 0.22 0.22
0 0.14 0.5 0.22 0.22
0 0.5 0.24 0.22 0.22
0 0.38 0.38 0.22 0.22
0 0.2 0.46 0.22 0.22
0 0.68 0.56 0.22 0.22
0 0.36 0.56 0.22 0.22
0 0.42 0.46 0.22 0.22
0 0.32 0.66 0.22 0.22
0 0.16 0.36 0.22 0.22
0 0.12 0.56 0.22 0.22
0 0.18 0.38 0.22 0.22
0 0.5 0.5 0.22 0.22