0 0.868 0.848 0.14 0.14
0 0.234 0.456 0.356 0.356
0 0.398 0.286 0.34 0.34
0 0.518 0.57 0.316 0.316
0 0.338 0.242 0.112 0.112
0 0.242 0.358 0.352 0.352
0 0.512 0.806 0.112 0.112
0 0.796 0.624 0.292 0.292
0 0.772 0.416 0.172 0.172
0 0.852 0.724 0.112 0.112
0 0.538 0.414 0.264 0.264
0 0.378 0.188 0.264 0.264
0 0.396 0.434 0.416 0.416
0 0.094 0.596 0.152 0.152
0 0.614 0.618 0.196 0.196
0 0.546 0.176 0.24 0.24
0 0.506 0.196 0.384 0.384
0 0.662 0.422 0.416 0.416
0 0.34 0.592 0.148 0.148
0 0.684 0.552 0.412 0.412