0 0.532 0.912 0.168 0.168
0 0.712 0.508 0.348 0.348
0 0.378 0.698 0.24 0.24
0 0.494 0.19 0.276 0.276
0 0.802 0.832 0.332 0.332
0 0.34 0.218 0.252 0.252
0 0.494 0.178 0.332 0.332
0 0.514 0.218 0.276 0.276
0 0.382 0.202 0.272 0.272
0 0.768 0.368 0.296 0.296
0 0.514 0.914 0.124 0.124
0 0.662 0.918 0.152 0.152
0 0.754 0.594 0.288 0.288
0 0.75 0.44 0.376 0.376
0 0.444 0.71 0.288 0.288
0 0.252 0.16 0.14 0.14
0 0.23 0.578 0.38 0.38
0 0.896 0.51 0.152 0.152
0 0.526 0.756 0.352 0.352
0 0.436 0.24 0.416 0.416