0 0.522 0.318 0.196 0.196
0 0.84 0.748 0.34 0.34
0 0.572 0.32 0.332 0.332
0 0.136 0.182 0.288 0.288
0 0.898 0.204 0.216 0.216
0 0.364 0.614 0.356 0.356
0 0.43 0.384 0.272 0.272
0 0.376 0.466 0.28 0.28
0 0.298 0.192 0.3 0.3
0 0.536 0.686 0.308 0.308
0 0.602 0.268 0.392 0.392
0 0.206 0.498 0.256 0.256
0 0.73 0.242 0.332 0.332
0 0.704 0.432 0.168 0.168
0 0.768 0.834 0.164 0.164
0 0.642 0.462 0.144 0.144
0 0.212 0.68 0.212 0.212
0 0.304 0.382 0.128 0.128
0 0.524 0.458 0.368 0.368
0 0.39 0.234 0.116 0.116