0 0.776 0.364 0.3 0.3
0 0.484 0.646 0.28 0.28
0 0.436 0.758 0.108 0.108
0 0.228 0.322 0.396 0.396
0 0.864 0.456 0.148 0.148
0 0.684 0.462 0.256 0.256
0 0.294 0.79 0.192 0.192
0 0.706 0.702 0.288 0.288
0 0.612 0.776 0.34 0.34
0 0.152 0.868 0.172 0.172
0 0.158 0.248 0.236 0.236
0 0.342 0.63 0.332 0.332
0 0.58 0.86 0.232 0.232
0 0.848 0.838 0.28 0.28
0 0.68 0.76 0.404 0.404
0 0.328 0.564 0.152 0.152
0 0.454 0.588 0.312 0.312
0 0.368 0.782 0.132 0.132
0 0.746 0.46 0.288 0.288
0 0.484 0.24 0.312 0.312