0 0.472 0.336 0.212 0.212
0 0.666 0.33 0.292 0.292
0 0.374 0.552 0.192 0.192
0 0.792 0.602 0.132 0.132
0 0.674 0.56 0.176 0.176
0 0.778 0.17 0.336 0.336
0 0.622 0.918 0.168 0.168
0 0.678 0.102 0.124 0.124
0 0.522 0.564 0.372 0.372
0 0.758 0.284 0.192 0.192
0 0.548 0.386 0.316 0.316
0 0.646 0.754 0.408 0.408
0 0.762 0.358 0.408 0.408
0 0.828 0.768 0.304 0.304
0 0.322 0.234 0.26 0.26
0 0.108 0.694 0.184 0.184
0 0.206 0.91 0.18 0.18
0 0.412 0.67 0.228 0.228
0 0.688 0.414 0.42 0.42
0 0.796 0.546 0.384 0.384