0 0.668 0.182 0.328 0.328
0 0.792 0.504 0.404 0.404
0 0.86 0.258 0.248 0.248
0 0.806 0.816 0.276 0.276
0 0.756 0.756 0.168 0.168
0 0.724 0.82 0.14 0.14
0 0.398 0.286 0.344 0.344
0 0.522 0.224 0.204 0.204
0 0.326 0.396 0.172 0.172
0 0.218 0.694 0.4 0.4
0 0.186 0.13 0.12 0.12
0 0.558 0.33 0.408 0.408
0 0.31 0.806 0.304 0.304
0 0.778 0.478 0.224 0.224
0 0.824 0.694 0.156 0.156
0 0.448 0.456 0.172 0.172
0 0.674 0.428 0.308 0.308
0 0.456 0.166 0.296 0.296
0 0.192 0.8 0.144 0.144
0 0.334 0.398 0.248 0.248