0 0.648 0.812 0.344 0.344
0 0.294 0.356 0.392 0.392
0 0.7 0.228 0.42 0.42
0 0.722 0.494 0.248 0.248
0 0.32 0.222 0.252 0.252
0 0.268 0.346 0.36 0.36
0 0.686 0.308 0.224 0.224
0 0.634 0.296 0.344 0.344
0 0.462 0.234 0.284 0.284
0 0.116 0.83 0.204 0.204
0 0.498 0.55 0.172 0.172
0 0.216 0.492 0.28 0.28
0 0.708 0.714 0.216 0.216
0 0.316 0.804 0.268 0.268
0 0.264 0.412 0.372 0.372
0 0.606 0.708 0.192 0.192
0 0.664 0.55 0.384 0.384
0 0.888 0.56 0.244 0.244
0 0.502 0.642 0.2 0.2
0 0.194 0.428 0.296 0.296