0 0.752 0.624 0.292 0.292
0 0.166 0.224 0.132 0.132
0 0.308 0.314 0.184 0.184
0 0.7 0.248 0.348 0.348
0 0.254 0.184 0.376 0.376
0 0.18 0.484 0.316 0.316
0 0.224 0.398 0.38 0.38
0 0.478 0.342 0.224 0.224
0 0.516 0.866 0.196 0.196
0 0.46 0.772 0.388 0.388
0 0.562 0.242 0.152 0.152
0 0.492 0.296 0.176 0.176
0 0.094 0.634 0.148 0.148
0 0.536 0.516 0.392 0.392
0 0.184 0.406 0.148 0.148
0 0.54 0.306 0.404 0.404
0 0.372 0.284 0.132 0.132
0 0.252 0.17 0.308 0.308
0 0.538 0.644 0.132 0.132
0 0.636 0.22 0.344 0.344