0 0.682 0.744 0.272 0.272
0 0.342 0.806 0.196 0.196
0 0.586 0.784 0.104 0.104
0 0.722 0.288 0.316 0.316
0 0.842 0.31 0.196 0.196
0 0.164 0.55 0.344 0.344
0 0.076 0.854 0.14 0.14
0 0.334 0.412 0.372 0.372
0 0.32 0.804 0.308 0.308
0 0.282 0.176 0.244 0.244
0 0.576 0.452 0.36 0.36
0 0.578 0.436 0.364 0.364
0 0.79 0.522 0.212 0.212
0 0.864 0.93 0.148 0.148
0 0.272 0.142 0.14 0.14
0 0.228 0.3 0.108 0.108
0 0.212 0.234 0.352 0.352
0 0.254 0.302 0.344 0.344
0 0.494 0.812 0.36 0.36
0 0.83 0.558 0.336 0.336