0 0.88 0.142 0.2 0.2
0 0.806 0.254 0.252 0.252
0 0.146 0.746 0.176 0.176
0 0.582 0.814 0.372 0.372
0 0.396 0.438 0.284 0.284
0 0.424 0.19 0.14 0.14
0 0.51 0.518 0.38 0.38
0 0.174 0.22 0.232 0.232
0 0.694 0.332 0.384 0.384
0 0.89 0.472 0.108 0.108
0 0.356 0.278 0.156 0.156
0 0.314 0.25 0.332 0.332
0 0.626 0.706 0.296 0.296
0 0.622 0.416 0.252 0.252
0 0.656 0.288 0.196 0.196
0 0.49 0.668 0.396 0.396
0 0.564 0.76 0.328 0.328
0 0.576 0.306 0.28 0.28
0 0.074 0.506 0.144 0.144
0 0.164 0.562 0.192 0.192