0 0.428 0.372 0.352 0.352
0 0.362 0.7 0.404 0.404
0 0.49 0.694 0.264 0.264
0 0.222 0.316 0.396 0.396
0 0.794 0.836 0.16 0.16
0 0.734 0.81 0.364 0.364
0 0.53 0.238 0.356 0.356
0 0.746 0.576 0.244 0.244
0 0.846 0.826 0.196 0.196
0 0.75 0.586 0.332 0.332
0 0.562 0.282 0.392 0.392
0 0.59 0.528 0.384 0.384
0 0.254 0.792 0.296 0.296
0 0.394 0.71 0.264 0.264
0 0.288 0.682 0.364 0.364
0 0.868 0.37 0.272 0.272
0 0.524 0.898 0.188 0.188
0 0.184 0.178 0.292 0.292
0 0.328 0.428 0.34 0.34
0 0.792 0.568 0.308 0.308